0.915654 0.0566655 0.0355332 0.019227 -0.0512269 1.75256e-06 -0.0537789 0.195848 0.191068 -0.0831709 0.213142 5.4278e-07 -0.0658318 4.90634e-06 0.0965383 0.249319 -2.63638e-06 -0.0116314 -0.0524239 -0.0860852 0.0633773 0.209035
0.0566655 0.901433 0.0832207 -0.049252 0.117207 3.94027e-06 0.086379 -0.0212486 -0.0858166 0.0676587 -0.0115221 3.88656e-06 0.0451764 -4.54173e-07 -0.185977 0.0956607 -2.10963e-07 0.0583077 0.148302 0.0694829 0.08681 -0.0474397
0.0355332 0.0832207 1.00715 -0.0329613 0.0123241 3.86891e-06 0.0442151 -0.102166 -0.17244 0.00269276 -0.0515295 -4.52828e-07 0.267958 -2.6644e-06 -0.0748918 -0.0166639 -1.8587e-06 0.0719742 0.136293 0.141096 -0.00474609 -0.0931858
0.019227 -0.049252 -0.0329613 0.410897 0.0122733 -8.03596e-07 -0.0456214 0.0791559 0.203158 0.00358506 0.0363183 -1.17381e-06 -0.0728528 6.04219e-08 0.165225 0.0259347 -1.25326e-06 -0.0360525 -0.100438 -0.0468342 -0.0313193 0.0881186
-0.0512269 0.117207 0.0123241 0.0122733 0.656076 4.8823e-06 0.0696501 -0.068472 -0.00402487 0.166315 -0.0261793 -7.5082e-07 -0.00233784 2.11365e-06 -0.012162 0.051766 1.25286e-06 0.0885339 -0.000924208 -0.0451865 0.179879 -0.0773287
1.75256e-06 3.94027e-06 3.86891e-06 -8.03596e-07 4.8823e-06 3.1684e-09 1.2356e-06 -2.55908e-06 -1.12429e-06 2.62989e-06 -3.44694e-06 -2.86227e-12 -7.58084e-07 7.69097e-12 1.17572e-06 -4.47162e-07 -1.72345e-10 1.34461e-06 3.74045e-06 1.20287e-06 1.1631e-06 -2.00331e-06
-0.0537789 0.086379 0.0442151 -0.0456214 0.0696501 1.2356e-06 0.225059 -0.0173161 -0.0271249 0.00242813 0.0440933 -1.88647e-06 -0.0154592 -7.68099e-07 -0.0718506 -0.00988533 7.57954e-07 0.0811337 0.019116 0.00145824 0.0578139 -0.0295166
0.195848 -0.0212486 -0.102166 0.0791559 -0.068472 -2.55908e-06 -0.0173161 0.985166 0.463562 -0.0879741 0.375706 9.82005e-07 -0.0323051 -1.27164e-06 0.0609873 0.316257 -2.16124e-06 -0.0200532 -0.135362 -0.116152 -0.123669 0.940619
0.191068 -0.0858166 -0.17244 0.203158 -0.00402487 -1.12429e-06 -0.0271249 0.463562 1.2362 -0.331572 0.340373 -1.29292e-06 -0.116113 -3.39078e-07 0.126508 0.21086 -2.30575e-06 -0.0326053 -0.250567 -0.223326 0.00791877 0.518057
-0.0831709 0.0676587 0.00269276 0.00358506 0.166315 2.62989e-06 0.00242813 -0.0879741 -0.331572 1.13764 -0.0314006 -2.82252e-06 -0.0012008 -1.50817e-06 0.0912657 -0.0807364 1.65157e-06 0.019029 0.0393002 0.0589135 0.0408323 -0.0964108
0.213142 -0.0115221 -0.0515295 0.0363183 -0.0261793 -3.44694e-06 0.0440933 0.375706 0.340373 -0.0314006 1.07758 2.25269e-06 -0.0418887 -1.39738e-06 0.174235 0.187317 -2.05052e-06 -0.0070842 -0.126541 -0.10375 -0.0358026 0.384839
5.4278e-07 3.88656e-06 -4.52828e-07 -1.17381e-06 -7.5082e-07 -2.86227e-12 -1.88647e-06 9.82005e-07 -1.29292e-06 -2.82252e-06 2.25269e-06 3.34468e-09 2.69473e-07 -2.22574e-10 -1.275e-06 3.09158e-06 -1.76515e-11 6.3086e-07 -3.95705e-07 -1.1034e-06 -1.04372e-06 1.66007e-06
-0.0658318 0.0451764 0.267958 -0.0728528 -0.00233784 -7.58084e-07 -0.0154592 -0.0323051 -0.116113 -0.0012008 -0.0418887 2.69473e-07 1.08021 -7.00164e-07 -0.148264 0.107056 -1.31171e-07 0.046539 0.389164 0.352055 -0.0770484 -0.0431917
4.90634e-06 -4.54173e-07 -2.6644e-06 6.04219e-08 2.11365e-06 7.69097e-12 -7.68099e-07 -1.27164e-06 -3.39078e-07 -1.50817e-06 -1.39738e-06 -2.22574e-10 -7.00164e-07 3.37496e-09 -3.55314e-07 -6.39093e-07 1.41086e-10 -1.73765e-07 -7.41171e-07 -4.87064e-07 1.16948e-07 -1.33689e-06
0.0965383 -0.185977 -0.0748918 0.165225 -0.012162 1.17572e-06 -0.0718506 0.0609873 0.126508 0.0912657 0.174235 -1.275e-06 -0.148264 -3.55314e-07 0.758483 -0.0204218 -2.01223e-06 -0.0538063 -0.120274 -0.0597583 0.0363659 0.071272
0.249319 0.0956607 -0.0166639 0.0259347 0.051766 -4.47162e-07 -0.00988533 0.316257 0.21086 -0.0807364 0.187317 3.09158e-06 0.107056 -6.39093e-07 -0.0204218 0.951673 -4.02243e-06 -0.0177118 0.00130101 -0.0655333 0.000390988 0.328635
-2.63638e-06 -2.10963e-07 -1.8587e-06 -1.25326e-06 1.25286e-06 -1.72345e-10 7.57954e-07 -2.16124e-06 -2.30575e-06 1.65157e-06 -2.05052e-06 -1.76515e-11 -1.31171e-07 1.41086e-10 -2.01223e-06 -4.02243e-06 3.35319e-09 -1.57801e-06 -7.55771e-07 -1.92869e-06 1.1799e-06 -3.22196e-06
-0.0116314 0.0583077 0.0719742 -0.0360525 0.0885339 1.34461e-06 0.0811337 -0.0200532 -0.0326053 0.019029 -0.0070842 6.3086e-07 0.046539 -1.73765e-07 -0.0538063 -0.0177118 -1.57801e-06 0.194703 0.0418094 0.0145378 0.0798635 -0.0251812
-0.0524239 0.148302 0.136293 -0.100438 -0.000924208 3.74045e-06 0.019116 -0.135362 -0.250567 0.0393002 -0.126541 -3.95705e-07 0.389164 -7.41171e-07 -0.120274 0.00130101 -7.55771e-07 0.0418094 1.07538 0.526591 0.0536303 -0.158549
-0.0860852 0.0694829 0.141096 -0.0468342 -0.0451865 1.20287e-06 0.00145824 -0.116152 -0.223326 0.0589135 -0.10375 -1.1034e-06 0.352055 -4.87064e-07 -0.0597583 -0.0655333 -1.92869e-06 0.0145378 0.526591 1.03711 -0.00192976 -0.125566
0.0633773 0.08681 -0.00474609 -0.0313193 0.179879 1.1631e-06 0.0578139 -0.123669 0.00791877 0.0408323 -0.0358026 -1.04372e-06 -0.0770484 1.16948e-07 0.0363659 0.000390988 1.1799e-06 0.0798635 0.0536303 -0.00192976 0.741916 -0.127544
0.209035 -0.0474397 -0.0931858 0.0881186 -0.0773287 -2.00331e-06 -0.0295166 0.940619 0.518057 -0.0964108 0.384839 1.66007e-06 -0.0431917 -1.33689e-06 0.071272 0.328635 -3.22196e-06 -0.0251812 -0.158549 -0.125566 -0.127544 1.09994