0.896035 -0.0587567 0.00976965 -0.0631781 -0.0383836 -0.0179079 -0.0411469 -0.0240134 -0.000388783 -0.0733414 0.184619 -0.0542633 0.0401924 -0.0177895 -0.0136123 0.135777 -1.80565e-06 0.0396027 -1.94771e-06 4.17391e-07 -0.035763 -0.0243285
-0.0587567 1.06157 0.0503672 0.0316524 0.226332 -0.0205689 0.108451 -0.00909414 0.0652353 0.03837 0.0417653 -0.00294945 0.0622564 -0.0204289 -0.0917517 0.080665 -1.22087e-07 0.150394 -5.98846e-07 -8.42721e-07 0.224781 0.0299129
0.00976965 0.0503672 0.770733 -0.0309738 -0.005297 0.0200287 0.0471739 0.024873 0.00564922 -0.014783 0.030506 -0.0584642 0.0746045 0.0198976 -0.069602 0.0590796 -1.49023e-06 0.0525333 2.00669e-06 -1.06588e-06 -0.046519 0.169765
-0.0631781 0.0316524 -0.0309738 0.478928 0.0748902 0.0193886 -0.0225445 0.0414839 0.0645417 -0.00740779 -0.0436818 0.0716659 -0.0694736 0.0192591 0.177175 -0.0316189 -3.57453e-07 -0.0497181 4.34141e-07 -3.17089e-07 0.10089 -0.0207545
-0.0383836 0.226332 -0.005297 0.0748902 0.738062 -0.0975723 0.0777535 -0.045998 0.124521 0.0656026 0.110231 0.0124339 -0.0395252 -0.0969349 0.000436328 0.0802385 -3.86596e-07 0.156016 6.08777e-07 4.92407e-07 0.309702 -0.0309605
-0.0179079 -0.0205689 0.0200287 0.0193886 -0.0975723 0.515019 0.0144616 0.236729 0.0376311 -0.120228 -0.0710785 0.0675051 -0.0103449 0.511651 0.0392134 -0.0167683 1.2392e-07 0.00185809 -3.24573e-07 1.57201e-07 -0.142181 0.136947
-0.0411469 0.108451 0.0471739 -0.0225445 0.0777535 0.0144616 0.28378 0.0512252 0.0226783 0.0130768 0.0978268 -0.0127838 -0.00429023 0.0143652 -0.0850032 0.0324249 4.41962e-07 0.141064 7.18557e-08 -2.97457e-07 0.049237 0.0653312
-0.0240134 -0.00909414 0.024873 0.0414839 -0.045998 0.236729 0.0512252 0.444639 0.0488376 -0.0822738 -0.0257282 0.167483 -0.0421982 0.23518 0.0480296 -0.00937702 -3.06413e-07 0.0427465 1.42979e-06 -6.81784e-07 -0.0436287 0.229691
-0.000388783 0.0652353 0.00564922 0.0645417 0.124521 0.0376311 0.0226783 0.0488376 0.705683 -0.210412 0.0253279 0.00210391 -0.016971 0.03738 0.0151371 0.019779 -1.09685e-06 0.0194356 -1.40365e-06 2.61695e-07 0.15903 0.0135254
-0.0733414 0.03837 -0.014783 -0.00740779 0.0656026 -0.120228 0.0130768 -0.0822738 -0.210412 0.788264 0.0596269 0.00626549 0.059068 -0.119441 0.00553943 0.00823574 -1.37611e-07 0.0108239 -4.37783e-07 -9.86255e-07 0.05247 -0.0219647
0.184619 0.0417653 0.030506 -0.0436818 0.110231 -0.0710785 0.0978268 -0.0257282 0.0253279 0.0596269 0.684848 -0.0263965 0.0126694 -0.0706163 -0.0403294 0.0967681 -8.91976e-07 0.128997 -4.08618e-07 1.42482e-06 0.11495 0.00812738
-0.0542633 -0.00294945 -0.0584642 0.0716659 0.0124339 0.0675051 -0.0127838 0.167483 0.00210391 0.00626549 -0.0263965 0.449156 -0.0129415 0.0670644 0.0928221 -0.00877424 3.83423e-07 -0.00512751 1.56113e-06 -4.96277e-07 0.00846413 0.00152895
0.0401924 0.0622564 0.0746045 -0.0694736 -0.0395252 -0.0103449 -0.00429023 -0.0421982 -0.016971 0.059068 0.0126694 -0.0129415 0.659392 -0.0102775 -0.105299 0.0537936 1.84827e-06 0.0266696 1.06087e-06 1.44819e-06 -0.104595 0.0460033
-0.0177895 -0.0204289 0.0198976 0.0192591 -0.0969349 0.511651 0.0143652 0.23518 0.03738 -0.119441 -0.0706163 0.0670644 -0.0102775 0.508305 0.0389538 -0.0166621 1.23053e-07 0.00184479 -3.223e-07 1.55933e-07 -0.14125 0.136051
-0.0136123 -0.0917517 -0.069602 0.177175 0.000436328 0.0392134 -0.0850032 0.0480296 0.0151371 0.00553943 -0.0403294 0.0928221 -0.105299 0.0389538 0.684338 -0.101068 -3.34109e-07 -0.0992001 8.54798e-07 -1.12178e-06 0.116254 -0.0505827
0.135777 0.080665 0.0590796 -0.0316189 0.0802385 -0.0167683 0.0324249 -0.00937702 0.019779 0.00823574 0.0967681 -0.00877424 0.0537936 -0.0166621 -0.101068 0.491819 -2.33701e-06 0.0844744 -1.03229e-07 1.92315e-06 0.00630905 0.0474824
-1.80565e-06 -1.22087e-07 -1.49023e-06 -3.57453e-07 -3.86596e-07 1.2392e-07 4.41962e-07 -3.06413e-07 -1.09685e-06 -1.37611e-07 -8.91976e-07 3.83423e-07 1.84827e-06 1.23053e-07 -3.34109e-07 -2.33701e-06 3.40135e-09 1.5089e-06 -2.59926e-11 -7.44021e-11 -1.02383e-06 9.16947e-07
0.0396027 0.150394 0.0525333 -0.0497181 0.156016 0.00185809 0.141064 0.0427465 0.0194356 0.0108239 0.128997 -0.00512751 0.0266696 0.00184479 -0.0992001 0.0844744 1.5089e-06 0.348314 -7.2897e-07 1.77414e-06 0.0774244 0.0741658
-1.94771e-06 -5.98846e-07 2.00669e-06 4.34141e-07 6.08777e-07 -3.24573e-07 7.18557e-08 1.42979e-06 -1.40365e-06 -4.37783e-07 -4.08618e-07 1.56113e-06 1.06087e-06 -3.223e-07 8.54798e-07 -1.03229e-07 -2.59926e-11 -7.2897e-07 3.38563e-09 -2.966e-11 -2.06871e-07 -9.7655e-07
4.17391e-07 -8.42721e-07 -1.06588e-06 -3.17089e-07 4.92407e-07 1.57201e-07 -2.97457e-07 -6.81784e-07 2.61695e-07 -9.86255e-07 1.42482e-06 -4.96277e-07 1.44819e-06 1.55933e-07 -1.12178e-06 1.92315e-06 -7.44021e-11 1.77414e-06 -2.966e-11 3.20869e-09 -6.46614e-07 5.46797e-07
-0.035763 0.224781 -0.046519 0.10089 0.309702 -0.142181 0.049237 -0.0436287 0.15903 0.05247 0.11495 0.00846413 -0.104595 -0.14125 0.116254 0.00630905 -1.02383e-06 0.0774244 -2.06871e-07 -6.46614e-07 0.84927 -0.0814409
-0.0243285 0.0299129 0.169765 -0.0207545 -0.0309605 0.136947 0.0653312 0.229691 0.0135254 -0.0219647 0.00812738 0.00152895 0.0460033 0.136051 -0.0505827 0.0474824 9.16947e-07 0.0741658 -9.7655e-07 5.46797e-07 -0.0814409 0.661666