5.417833 34.56155 29.978933 189.25475 0.08 2.21 0.0012 75.666667 103 32 168.333333 731 -0.73 0.043405 7.06 0.0667755555555556 0.411448333333333
5.453583 34.845292 12.833708 249.351417 1.016 13.88 1.2295 9.75 25.25 56 100.75 697 -0.03 0.141737 1.11 -0.358223333333333 0.0983905555555556
147.9825 36.724683 21.613933 203.814833 0.038 0.712 0.0464 129.333333 154 52.666667 394.888889 755 0.61 0.020767 3.53 -0.233657777777778 -0.196387777777778
57.15025 38.834904 27.575082 178.256286 0.09 1.35 0.050357 42.5 78 28 216.5 672 0.19 0 0 0.205463333333333 0.221435
5.498 35.039842 30.692617 188.152333 0.11 2.31 6e-04 62.4 69 28.2 494.8 730 -0.12 0.016422 1.08 0.0312777777777778 0.397411111111111
5.480333 34.048642 7.321 305.012167 1.301 1.824 0.128 45.333333 62.333333 60 556 945 0 0.048486 2.92 -0.524406666666667 -0.323527222222222
5.516 38.182917 18.341542 218.016833 0.01 1.05 0.0342 54 37.666667 33.333333 374 588 0.33 0.020387 1.25 0.437653333333333 0.107725
5.396667 36.376225 19.775817 215.650833 0.364 1.362 0.1356 54.4 153.8 28.6 238.6 725 0.95 0.040006 10.81 -0.226767777777778 -0.0176438888888889
75.5154 36.21833 25.11008 67.5342 1.35 5.77 0.13632 65.25 56.75 30 422.25 735 -1 0.030471 21.64 0.16174 0.388948333333333
63.6355 35.335545 22.237532 207.446227 0.08 1.75 0.075818 52.166667 160.833333 608.5 562 620 -0.18 0.080516 1.28 -0.328147777777778 0.210620555555556
5.39475 35.323317 15.032708 238.916333 0.34 2.74 0.0941 22 104 29.25 432.5 601 0.14 0.046725 0 -0.388276666666667 0.0995494444444445
5.400583 33.3676 27.6163 198.635833 0.27 1.7 0.1112 28.428571 42.428571 28.428571 380.285714 733 0.74 0.017142 11.36 0.0221422222222222 -0.46987
45.659026 34.900284 19.557984 103.916711 1.86 10.5 0.426221 36.571429 36.142857 28.571429 353 718 -0.8 0.035834 3.75 -0.0585211111111111 -0.47374
5.43825 36.530908 25.847425 211.5675 0.37 1.2 0.0504 21 23 28 377.5 717 -0.13 0.066111 18.83 0.23135 0.352844444444444
5.468417 37.929742 18.621625 217.561083 0.01 2.18 0.0783 43.5 47 32 164 575 0.16 0 4.58 0.47177 0.0997744444444444
88.989575 35.687249 19.864927 211.54555 0.44 0.9 0.16872 82.5 79.9 29.3 301.2 671 -0.04 0 69.36 -0.18843 -0.559306111111111
57.622514 35.544655 20.63862 216.790338 0.78 1.9 0.161789 60.857143 51.428571 51.714286 239.142857 709 0.86 0.052949 8.97 -0.144136666666667 -0.533401111111111
5.39475 35.323317 15.032708 238.916333 0.34 2.74 0.0941 22 104 29.25 432.5 601 0.14 0.046725 0 -0.388181111111111 0.0996477777777778
32.794333 38.116167 17.251367 220.987333 0.01 1.48 0.083 17.666667 56.333333 29.333333 371 597 -0.01 0 7.75 0.439672222222222 0.0967227777777778
9.8985 35.396729 26.516693 190.724 0.63 2.52 0.1152 33 114.75 31.333333 241.25 705 0.34 0.042193 0 -0.101671111111111 -0.780675555555556
5.8897 35.97144 22.76754 208.8654 0.5 1 0.07032 82.5 79.9 29.3 301.2 671 -0.04 0 69.36 -0.188445555555556 -0.559075
28.633 35.3315 15.01455 240.4135 0.37 2.47 0.198 22 104 29.25 432.5 601 0.14 0.046725 0 -0.387667777777778 0.100255
60.130917 38.916583 27.575658 175.384083 0.09 1.35 0.06 42.5 78 28 216.5 672 0.19 0 0 0.204907777777778 0.221426111111111
51.695136 38.475705 15.153159 229.547682 0.07 1.82 0.069273 54 37.666667 33.333333 374 588 0.33 0.020387 1.25 0.437767777777778 0.107776111111111
5.537917 35.359483 26.574917 189.758333 0.53 2.22 0.1326 35 122.375 28.625 339.25 703 0 0.043485 0 -0.0989644444444445 -0.77935
25.312583 36.332317 26.806383 192.95875 0.26 1.28 0.0576 34.875 82.875 29 554.625 724 0.05 0.02861 2.14 0.206487777777778 0.369292777777778
5.471833 37.759667 17.040533 220.927083 0.02 2.03 0.0599 17.666667 56.333333 29.333333 371 597 -0.01 0 7.75 0.442651111111111 0.0967527777777778
5.430083 39.981867 25.060908 188.763583 0.024 0.82 0.0096 84 89.5 32.5 400.5 632 -0.34 0 0 0.301777777777778 0.193527777777778
5.479 35.835267 25.249967 200.233917 0.68 1.2 0.1147 60.857143 51.428571 51.714286 239.142857 709 0.86 0.052949 8.97 -0.143732222222222 -0.533562777777778
5.485917 36.024883 29.08805 187.42925 0.14 1.47 0.0036 65.25 56.75 30 422.25 735 -1 0.030471 21.64 0.162287777777778 0.388764444444444
5.558167 36.402683 25.14755 200.538167 0.2 0.38 0.0012 175.833333 72.5 93.333333 484.166667 706 0 0.025203 61.78 -0.286723333333333 -0.620667777777778
55.15925 38.395417 15.696917 224.266917 0.01 1.05 0.0868 54.333333 54.666667 31.666667 157.333333 582 0.02 0 1.89 0.468594444444444 0.0984733333333333
9.8985 35.396729 26.516693 190.724 0.63 2.52 0.1152 33 114.75 31.333333 241.25 705 0.34 0.042193 0 -0.101671111111111 -0.780675555555556
88.989575 35.687249 19.864927 211.54555 0.44 0.9 0.16872 82.5 79.9 29.3 301.2 671 -0.04 0 69.36 -0.18843 -0.559306111111111
5.4785 34.748175 24.941942 205.992583 1 5 0.08805 36.571429 36.142857 28.571429 353 718 -0.8 0.035834 3.75 -0.0583655555555556 -0.473080555555556
5.539583 34.566667 27.867083 191.68 0.12 2.67 0.0576 71 69 333 441 678 0.1 0.050949 0 -0.188411111111111 0.299889444444444
5.472833 38.187633 17.635625 220.000333 0.01 1.38 0.0562 54.333333 54.666667 31.666667 157.333333 582 0.02 0 1.89 0.468931111111111 0.0984166666666667
5.405417 38.133342 20.659508 210.106333 0.04 0.67 0.027 72.333333 41 40.333333 472.333333 648 0.59 0.197119 1.61 0.416617777777778 0.0860805555555556
5.539583 34.566667 27.867083 191.68 0.12 2.67 0.0576 71 69 333 441 678 0.1 0.050949 0 -0.188407777777778 0.299893888888889
5.413 34.351058 0.758442 345.494833 2.111 79.52 0.0414 49.375 51.285714 30.875 427.25 1161 0.03 0 3.08 -0.690444444444444 -0.274040555555556
85.473667 40.196433 26.0308 179.968 0.025 0.85 0.0808 80.333333 142 28.333333 286.666667 649 -0.16 0 0 0.260203333333333 0.206916666666667
9.8985 35.396729 26.516693 190.724 0.63 2.52 0.1152 33 114.75 31.333333 241.25 705 0.34 0.042193 0 -0.101671111111111 -0.780675555555556
5.437333 34.1689 29.8169 187.2575 0.08 2.12 -0.0012 59.333333 30.333333 28 111.333333 712 0.21 0.052757 6.19 -0.104356666666667 0.369015555555556
41.766912 34.057594 6.971806 306.211529 1.416 3.078 0.681406 45.333333 62.333333 60 556 945 0 0.048486 2.92 -0.524452222222222 -0.321914444444444
183.31212 35.845669 20.137131 210.5781 0.1 0.35 0.058008 175.833333 72.5 93.333333 484.166667 706 0 0.025203 61.78 -0.286955555555556 -0.620718888888889
5.417833 34.56155 29.978933 189.25475 0.08 2.21 0.0012 75.666667 103 32 168.333333 731 -0.73 0.043405 7.06 0.0666677777777778 0.410530555555556
138.168625 36.272675 23.677375 160.4895 0.56 1.34 0.0036 43.571429 104.142857 28.571429 246 707 0.77 0 2.78 -0.0988877777777778 -0.791922777777778
147.9844 35.88072 22.08542 161.3185 0.66 1.19 0.01176 35 122.375 28.625 339.25 703 0 0.043485 0 -0.09901 -0.779358333333333
5.427417 35.68685 16.83115 231.914833 0.229 2.601 0.0696 37.125 199.625 56.25 772 711 0.37 0.037236 31.83 -0.34474 0.0259166666666667
57.622514 35.544655 20.63862 216.790338 0.78 1.9 0.161789 60.857143 51.428571 51.714286 239.142857 709 0.86 0.052949 8.97 -0.144136666666667 -0.533401111111111
5.425333 39.74725 25.823117 188.416583 0.018 0.87 -0.0012 80.333333 142 28.333333 286.666667 649 -0.16 0 0 0.259555555555556 0.206768333333333
5.558167 36.402683 25.14755 200.538167 0.2 0.38 0.0012 175.833333 72.5 93.333333 484.166667 706 0 0.025203 61.78 -0.286723333333333 -0.620667777777778
60.130917 38.916583 27.575658 175.384083 0.09 1.35 0.06 42.5 78 28 216.5 672 0.19 0 0 0.204907777777778 0.221426111111111
5.443583 38.363825 19.040267 214.648333 0.01 1.03 0.0294 56 56.5 54 339 590 0.42 0.058365 3.92 0.427074444444444 0.112152777777778
5.4685 38.63335 27.666242 183.628667 0.19 3.91 0.07275 42.5 78 28 216.5 672 0.19 0 0 0.204444444444444 0.221444444444444
138.168625 36.272675 23.677375 160.4895 0.56 1.34 0.0036 43.571429 104.142857 28.571429 246 707 0.77 0 2.78 -0.0988877777777778 -0.791922777777778
100.382429 36.682629 23.678714 194.809143 0.143 1.319 0.157029 97.142857 98.285714 29.142857 269.714286 733 -0.11 0.023631 0 -0.0973 -0.0995805555555555
28.825071 34.055993 7.044064 307.504714 1.296 2.244 0.4752 45.333333 62.333333 60 556 945 0 0.048486 2.92 -0.524573333333333 -0.32237
5.427917 35.690458 16.947633 234.236 0.229 2.601 0.282 37.125 199.625 56.25 772 711 0.37 0.037236 31.83 -0.345007777777778 0.0258905555555556
118.275667 36.27495 19.287683 217.140667 0 0.319 0.0818 113.166667 40.666667 316.5 409.166667 802 -0.07 0.08103 14.53 -0.334982222222222 -0.240391666666667
5.388583 36.285367 26.816392 193.3535 0.23 1.44 0.0258 34.875 82.875 29 554.625 724 0.05 0.02861 2.14 0.206296666666667 0.369566666666667
5.4445 36.425925 25.131117 199.346583 0.104 0.868 0.0036 97.142857 98.285714 29.142857 269.714286 733 -0.11 0.023631 0 -0.0969744444444444 -0.099575
5.444167 35.384483 26.5192 190.7865 0.63 2.52 0.1014 33 114.75 31.333333 241.25 705 0.34 0.042193 0 -0.101675555555556 -0.780538333333333
15.994 36.2986 26.893267 193.990333 0.23 1.21 0.0392 34.875 82.875 29 554.625 724 0.05 0.02861 2.14 0.206383333333333 0.369386111111111
5.4175 38.356667 19.16765 212.903417 0.01 1.03 0.0342 56 56.5 54 339 590 0.42 0.058365 3.92 0.427512222222222 0.112058333333333
90.468286 35.746607 20.428721 211.719429 0.44 0.9 0.165343 82.5 79.9 29.3 301.2 671 -0.04 0 69.36 -0.188601111111111 -0.559268333333333
58.151 36.496162 27.104162 148.328125 0.34 1.38 0.23265 65.25 56.75 30 422.25 735 -1 0.030471 21.64 0.161706666666667 0.38896
42.742068 38.262447 18.242387 220.830542 0.04 1.34 0.04922 72.333333 41 40.333333 472.333333 648 0.59 0.197119 1.61 0.416146666666667 0.0858866666666667
5.400583 33.3676 27.6163 198.635833 0.27 1.7 0.1112 28.428571 42.428571 28.428571 380.285714 733 0.74 0.017142 11.36 0.0221422222222222 -0.46987
5.475583 35.091133 30.495017 185.243833 1.94 15.14 0.0048 48 47 28 869 727 -0.03 0 0 3.66666666666667e-05 0.398015555555556
5.5215 33.17585 27.900908 199.898917 0.27 1.7 0.0696 28.428571 42.428571 28.428571 380.285714 733 0.74 0.017142 11.36 0.0226655555555556 -0.469777222222222
5.46125 37.101367 23.3484 206.194333 0.056 0.814 0.006 129.333333 154 52.666667 394.888889 755 0.61 0.020767 3.53 -0.232615555555556 -0.195446111111111
95.403276 36.603343 24.092317 194.428431 0.143 1.319 0.10589 97.142857 98.285714 29.142857 269.714286 733 -0.11 0.023631 0 -0.0969955555555556 -0.09978
85.473667 40.196433 26.0308 179.968 0.025 0.85 0.0808 80.333333 142 28.333333 286.666667 649 -0.16 0 0 0.260203333333333 0.206916666666667
49.699643 38.340893 15.860071 226.595929 0.01 1.05 0.0774 54.333333 54.666667 31.666667 157.333333 582 0.02 0 1.89 0.468548888888889 0.0984327777777778
41.766912 34.057594 6.971806 306.211529 1.416 3.078 0.681406 45.333333 62.333333 60 556 945 0 0.048486 2.92 -0.524452222222222 -0.321914444444444
69.071313 39.255952 18.966866 218.132538 0 0.67 0.042495 77 65.666667 65.333333 259.833333 595 -0.02 0.031944 40.81 0.376927777777778 0.182287777777778
5.468917 39.719567 25.904158 187.913833 0.018 0.87 0.0012 80.333333 142 28.333333 286.666667 649 -0.16 0 0 0.259703333333333 0.206759444444444
5.8434 36.42324 25.0249 199.1195 0.104 0.868 0.01008 97.142857 98.285714 29.142857 269.714286 733 -0.11 0.023631 0 -0.0974733333333333 -0.0995277777777778
118.2815 35.797875 25.195762 175.895625 0.49 1.47 0.03675 33 114.75 31.333333 241.25 705 0.34 0.042193 0 -0.100793333333333 -0.781096111111111
147.9825 36.724683 21.613933 203.814833 0.038 0.712 0.0464 129.333333 154 52.666667 394.888889 755 0.61 0.020767 3.53 -0.233657777777778 -0.196387777777778
95.403276 36.603343 24.092317 194.428431 0.143 1.319 0.10589 97.142857 98.285714 29.142857 269.714286 733 -0.11 0.023631 0 -0.0969955555555556 -0.09978
5.435083 35.408692 26.569333 190.058667 0.63 2.52 0.0783 33 114.75 31.333333 241.25 705 0.34 0.042193 0 -0.101625555555556 -0.780638888888889
79.0177 34.910755 24.87709 192.55925 0.18 3.22 0.17868 71 69 333 441 678 0.1 0.050949 0 -0.188371111111111 0.299778333333333
5.46125 37.101367 23.3484 206.194333 0.056 0.814 0.006 129.333333 154 52.666667 394.888889 755 0.61 0.020767 3.53 -0.232673333333333 -0.195533333333333
5.473917 35.363833 26.56315 186.984333 0.57 2.19 0.0417 99.181818 106.636364 28.636364 231.818182 702 -0.09 0.020835 8.42 -0.0999555555555556 -0.773786111111111
5.46125 37.101367 23.3484 206.194333 0.056 0.814 0.006 129.333333 154 52.666667 394.888889 755 0.61 0.020767 3.53 -0.232615555555556 -0.195446111111111
40.268917 35.687803 16.780772 231.683361 0.227 2.436 0.198267 37.125 199.625 56.25 772 711 0.37 0.037236 31.83 -0.344744444444444 0.0260011111111111
118.275667 36.27495 19.287683 217.140667 0 0.319 0.0818 113.166667 40.666667 316.5 409.166667 802 -0.07 0.08103 14.53 -0.334982222222222 -0.240391666666667
5.436917 38.1953 18.422925 217.498 0.01 1.05 0.0391 54 37.666667 33.333333 374 588 0.33 0.020387 1.25 0.435714444444444 0.107811111111111
5.3955 39.425058 20.452725 207.567167 0 0.82 0.0084 77 65.666667 65.333333 259.833333 595 -0.02 0.031944 40.81 0.376865555555556 0.182766666666667
45.659026 34.900284 19.557984 103.916711 1.86 10.5 0.426221 36.571429 36.142857 28.571429 353 718 -0.8 0.035834 3.75 -0.0585211111111111 -0.47374
5.456417 35.427733 26.778917 187.302833 0.56 1.8 0.0855 43.571429 104.142857 28.571429 246 707 0.77 0 2.78 -0.0990122222222222 -0.791983888888889
147.9844 35.88072 22.08542 161.3185 0.66 1.19 0.01176 35 122.375 28.625 339.25 703 0 0.043485 0 -0.09901 -0.779358333333333
5.425667 37.89245 21.4384 207.791417 0.026 0.56 0.0096 83.5 57 55.5 395 641 0.99 0 7.67 0.397322222222222 0.0792077777777778
5.454333 36.617917 26.23015 199.9355 0.32 1.18 0.051 31.545455 107.545455 31.636364 487.090909 721 -0.01 0.065655 1.08 0.211547777777778 0.358285
5.396667 36.376225 19.775817 215.650833 0.364 1.362 0.1356 54.4 153.8 28.6 238.6 725 0.95 0.040006 10.81 -0.226767777777778 -0.0176438888888889
145.57975 36.760054 21.725057 201.656679 0.038 0.712 0.054 129.333333 154 52.666667 394.888889 755 0.61 0.020767 3.53 -0.234355555555556 -0.196761111111111
49.700333 38.5178 14.949367 225.596667 0.01 1.05 0.083 54.333333 54.666667 31.666667 157.333333 582 0.02 0 1.89 0.468495555555556 0.0985333333333333
29.806808 34.344808 26.525285 203.127654 0.5 3.2 0.431215 28.428571 42.428571 28.428571 380.285714 733 0.74 0.017142 11.36 0.0225544444444444 -0.469747777777778
80.98075 35.257125 27.925625 112.2575 0.34 3.2 0.1722 75.666667 103 32 168.333333 731 -0.73 0.043405 7.06 0.0666622222222222 0.410552222222222
5.427417 35.68685 16.83115 231.914833 0.229 2.601 0.0696 37.125 199.625 56.25 772 711 0.37 0.037236 31.83 -0.34474 0.0259166666666667
5.472833 38.187633 17.635625 220.000333 0.01 1.38 0.0562 54.333333 54.666667 31.666667 157.333333 582 0.02 0 1.89 0.468931111111111 0.0984166666666667
5.5735 36.32425 19.853083 221.47475 0 0.481 0.0108 113.166667 40.666667 316.5 409.166667 802 -0.07 0.08103 14.53 -0.335006666666667 -0.240487222222222
5.396667 36.376225 19.775817 215.650833 0.364 1.362 0.1356 54.4 153.8 28.6 238.6 725 0.95 0.040006 10.81 -0.226705555555556 -0.0176994444444444
17.39175 36.549267 25.370083 211.606583 0.51 1.79 0.1552 21 23 28 377.5 717 -0.13 0.066111 18.83 0.231357777777778 0.352851666666667
5.8596 35.3662 26.54279 186.2407 0.57 2.19 0.05304 99.181818 106.636364 28.636364 231.818182 702 -0.09 0.020835 8.42 -0.0999677777777778 -0.773312777777778
5.9026 33.71972 1.84374 338.2982 1.723 16.55 0.0294 68.5 87.5 54.5 518.5 1122 -0.02 0.318813 1.83 -0.669207777777778 -0.336931111111111
5.393167 36.050392 29.1637 186.562083 0.14 1.47 0 65.25 56.75 30 422.25 735 -1 0.030471 21.64 0.161934444444444 0.388882222222222
5.5735 36.32425 19.853083 221.47475 0 0.481 0.0108 113.166667 40.666667 316.5 409.166667 802 -0.07 0.08103 14.53 -0.334852222222222 -0.240499444444444
147.9844 35.88072 22.08542 161.3185 0.66 1.19 0.01176 35 122.375 28.625 339.25 703 0 0.043485 0 -0.0989222222222222 -0.779333888888889
5.485583 35.3215 22.220983 209.639083 0.08 1.77 0.033 52.166667 160.833333 608.5 562 620 -0.18 0.080516 1.28 -0.327767777777778 0.211076666666667
78.503818 36.316532 19.645464 221.291727 0 0.532 0.044727 113.166667 40.666667 316.5 409.166667 802 -0.07 0.08103 14.53 -0.333911111111111 -0.240343888888889
51.19175 38.504475 15.009463 227.392625 0.07 1.82 0.05325 54 37.666667 33.333333 374 588 0.33 0.020387 1.25 0.437592222222222 0.107879444444444
79.02115 35.103505 27.704835 132.77885 0.34 3.2 0.1752 75.666667 103 32 168.333333 731 -0.73 0.043405 7.06 0.0666644444444444 0.410592777777778
5.374 38.937417 27.32825 182.812167 0.053 1.15 0.0516 52.5 79 33 247.5 654 -0.05 0 0 0.243852222222222 0.212509444444444
147.9844 35.88072 22.08542 161.3185 0.66 1.19 0.01176 35 122.375 28.625 339.25 703 0 0.043485 0 -0.0988833333333333 -0.77937
9.8985 35.396729 26.516693 190.724 0.63 2.52 0.1152 33 114.75 31.333333 241.25 705 0.34 0.042193 0 -0.101671111111111 -0.780675555555556
113.25225 36.097575 24.67165 179.916875 0.59 1.8 0.11925 99.181818 106.636364 28.636364 231.818182 702 -0.09 0.020835 8.42 -0.10007 -0.772996666666667
69.071313 39.255952 18.966866 218.132538 0 0.67 0.042495 77 65.666667 65.333333 259.833333 595 -0.02 0.031944 40.81 0.376927777777778 0.182287777777778
59.64 38.266721 15.969879 220.961429 0.01 1.94 0.058714 17.666667 56.333333 29.333333 371 597 -0.01 0 7.75 0.442956666666667 0.0965933333333333
118.2815 35.797875 25.195762 175.895625 0.49 1.47 0.03675 33 114.75 31.333333 241.25 705 0.34 0.042193 0 -0.100793333333333 -0.781096111111111
63.106303 36.474071 24.597669 196.74087 0.102 1.048 0.04543 97.142857 98.285714 29.142857 269.714286 733 -0.11 0.023631 0 -0.0964788888888889 -0.100052777777778
81.976 35.2057 27.48495 111.51025 0.34 3.2 0.1575 75.666667 103 32 168.333333 731 -0.73 0.043405 7.06 0.06666 0.410543333333333
5.480333 34.048642 7.321 305.012167 1.301 1.824 0.128 45.333333 62.333333 60 556 945 0 0.048486 2.92 -0.524292222222222 -0.323834444444444
5.537917 35.359483 26.574917 189.758333 0.53 2.22 0.1326 35 122.375 28.625 339.25 703 0 0.043485 0 -0.0989644444444445 -0.77935
5.469333 38.94965 27.292383 184.294833 0.053 1.15 0.0173 52.5 79 33 247.5 654 -0.05 0 0 0.245388888888889 0.212268333333333
5.479 35.835267 25.249967 200.233917 0.68 1.2 0.1147 60.857143 51.428571 51.714286 239.142857 709 0.86 0.052949 8.97 -0.143875555555556 -0.533496111111111
5.9026 33.71972 1.84374 338.2982 1.723 16.55 0.0294 68.5 87.5 54.5 518.5 1122 -0.02 0.318813 1.83 -0.669207777777778 -0.336931111111111
5.401 38.114217 18.141667 218.536917 0.01 2.18 0.0465 43.5 47 32 164 575 0.16 0 4.58 0.471724444444444 0.0996377777777778
5.516 38.182917 18.341542 218.016833 0.01 1.05 0.0342 54 37.666667 33.333333 374 588 0.33 0.020387 1.25 0.437653333333333 0.107725
5.8897 35.97144 22.76754 208.8654 0.5 1 0.07032 82.5 79.9 29.3 301.2 671 -0.04 0 69.36 -0.188445555555556 -0.559075
5.480667 39.938375 24.99325 190.8255 0.024 0.82 0.0012 84 89.5 32.5 400.5 632 -0.34 0 0 0.301647777777778 0.193398333333333
88.989575 35.687249 19.864927 211.54555 0.44 0.9 0.16872 82.5 79.9 29.3 301.2 671 -0.04 0 69.36 -0.18843 -0.559306111111111
113.25225 36.097575 24.67165 179.916875 0.59 1.8 0.11925 99.181818 106.636364 28.636364 231.818182 702 -0.09 0.020835 8.42 -0.10007 -0.772996666666667
38.183062 34.845044 22.44155 146.1265 1.86 10.5 0.38295 36.571429 36.142857 28.571429 353 718 -0.8 0.035834 3.75 -0.0585466666666667 -0.473400555555556
5.4785 34.748175 24.941942 205.992583 1 5 0.08805 36.571429 36.142857 28.571429 353 718 -0.8 0.035834 3.75 -0.0583655555555556 -0.473080555555556
108.81525 36.088963 24.639102 177.603609 0.59 1.8 0.115875 99.181818 106.636364 28.636364 231.818182 702 -0.09 0.020835 8.42 -0.0995222222222222 -0.773567777777778
32.794333 38.116167 17.251367 220.987333 0.01 1.48 0.083 17.666667 56.333333 29.333333 371 597 -0.01 0 7.75 0.439672222222222 0.0967227777777778
138.168625 36.272675 23.677375 160.4895 0.56 1.34 0.0036 43.571429 104.142857 28.571429 246 707 0.77 0 2.78 -0.0989588888888889 -0.792291111111111
5.38475 35.4224 26.86815 187.791167 0.56 1.8 0.0354 43.571429 104.142857 28.571429 246 707 0.77 0 2.78 -0.0988 -0.792421111111111
5.417833 34.56155 29.978933 189.25475 0.08 2.21 0.0012 75.666667 103 32 168.333333 731 -0.73 0.043405 7.06 0.0666677777777778 0.410530555555556
5.516 38.182917 18.341542 218.016833 0.01 1.05 0.0342 54 37.666667 33.333333 374 588 0.33 0.020387 1.25 0.43765 0.107725555555556
19.879429 36.545436 25.263943 208.654571 0.51 1.79 0.247629 21 23 28 377.5 717 -0.13 0.066111 18.83 0.231188888888889 0.35285
5.486833 37.084467 23.36535 206.1265 0.056 0.814 0 129.333333 154 52.666667 394.888889 755 0.61 0.020767 3.53 -0.233026666666667 -0.195957777777778
59.615667 35.43615 19.421111 224.853222 0.78 1.9 0.1758 60.857143 51.428571 51.714286 239.142857 709 0.86 0.052949 8.97 -0.143571111111111 -0.533862777777778
5.38475 35.4224 26.86815 187.791167 0.56 1.8 0.0354 43.571429 104.142857 28.571429 246 707 0.77 0 2.78 -0.0990266666666667 -0.791997222222222
57.622514 35.544655 20.63862 216.790338 0.78 1.9 0.161789 60.857143 51.428571 51.714286 239.142857 709 0.86 0.052949 8.97 -0.144136666666667 -0.533401111111111
49.681929 35.688121 16.773264 231.611429 0.227 2.436 0.209829 37.125 199.625 56.25 772 711 0.37 0.037236 31.83 -0.344768888888889 0.0259677777777778
118.2815 35.797875 25.195762 175.895625 0.49 1.47 0.03675 33 114.75 31.333333 241.25 705 0.34 0.042193 0 -0.100807777777778 -0.781067777777778
107.33674 36.946466 22.49567 205.30592 0.047 0.865 0.023784 129.333333 154 52.666667 394.888889 755 0.61 0.020767 3.53 -0.233377777777778 -0.196204444444444
108.335294 35.823513 25.433687 180.423618 0.59 1.8 0.133676 99.181818 106.636364 28.636364 231.818182 702 -0.09 0.020835 8.42 -0.09964 -0.774203333333333
5.558167 36.402683 25.14755 200.538167 0.2 0.38 0.0012 175.833333 72.5 93.333333 484.166667 706 0 0.025203 61.78 -0.286747777777778 -0.620757777777778
147.9844 35.88072 22.08542 161.3185 0.66 1.19 0.01176 35 122.375 28.625 339.25 703 0 0.043485 0 -0.0988033333333333 -0.779387222222222
86.4675 34.400828 -0.786394 329.042778 2.309 81.82 0.1968 49.375 51.285714 30.875 427.25 1161 0.03 0 3.08 -0.691137777777778 -0.273545555555556
5.471833 37.759667 17.040533 220.927083 0.02 2.03 0.0599 17.666667 56.333333 29.333333 371 597 -0.01 0 7.75 0.442651111111111 0.0967527777777778
19.879429 36.545436 25.263943 208.654571 0.51 1.79 0.247629 21 23 28 377.5 717 -0.13 0.066111 18.83 0.23124 0.352848888888889
5.454333 36.617917 26.23015 199.9355 0.32 1.18 0.051 31.545455 107.545455 31.636364 487.090909 721 -0.01 0.065655 1.08 0.211547777777778 0.358285
61.635033 37.89241 18.357443 237.8893 0.013 0.62 0.03852 83.5 57 55.5 395 641 0.99 0 7.67 0.397253333333333 0.0793138888888889
60.130917 38.916583 27.575658 175.384083 0.09 1.35 0.06 42.5 78 28 216.5 672 0.19 0 0 0.204907777777778 0.221426111111111
5.8434 36.42324 25.0249 199.1195 0.104 0.868 0.01008 97.142857 98.285714 29.142857 269.714286 733 -0.11 0.023631 0 -0.0975433333333333 -0.0994994444444444
5.8596 35.3662 26.54279 186.2407 0.57 2.19 0.05304 99.181818 106.636364 28.636364 231.818182 702 -0.09 0.020835 8.42 -0.0999677777777778 -0.773312777777778
118.73625 36.282975 19.31315 216.2725 0 0.319 0.0972 113.166667 40.666667 316.5 409.166667 802 -0.07 0.08103 14.53 -0.334892222222222 -0.240356111111111
5.475583 35.091133 30.495017 185.243833 1.94 15.14 0.0048 48 47 28 869 727 -0.03 0 0 2.55555555555556e-05 0.397950555555556
45.659026 34.900284 19.557984 103.916711 1.86 10.5 0.426221 36.571429 36.142857 28.571429 353 718 -0.8 0.035834 3.75 -0.0585211111111111 -0.47374
167.444897 35.874018 20.293789 212.877257 0.1 0.35 0.041859 175.833333 72.5 93.333333 484.166667 706 0 0.025203 61.78 -0.286846666666667 -0.620749444444444
5.383833 36.374733 19.857933 215.848333 0.364 1.362 0.0624 54.4 153.8 28.6 238.6 725 0.95 0.040006 10.81 -0.226785555555556 -0.0176527777777778
5.473917 35.363833 26.56315 186.984333 0.57 2.19 0.0417 99.181818 106.636364 28.636364 231.818182 702 -0.09 0.020835 8.42 -0.100066666666667 -0.773366666666667
5.5735 36.32425 19.853083 221.47475 0 0.481 0.0108 113.166667 40.666667 316.5 409.166667 802 -0.07 0.08103 14.53 -0.334852222222222 -0.240499444444444
5.475583 35.091133 30.495017 185.243833 1.94 15.14 0.0048 48 47 28 869 727 -0.03 0 0 3.66666666666667e-05 0.398015555555556
5.396667 36.376225 19.775817 215.650833 0.364 1.362 0.1356 54.4 153.8 28.6 238.6 725 0.95 0.040006 10.81 -0.226603333333333 -0.017825
41.766912 34.057594 6.971806 306.211529 1.416 3.078 0.681406 45.333333 62.333333 60 556 945 0 0.048486 2.92 -0.524452222222222 -0.321914444444444
5.8991 35.35772 26.63815 189.8109 0.53 2.22 0.05148 35 122.375 28.625 339.25 703 0 0.043485 0 -0.0988711111111111 -0.779493888888889
5.485583 35.3215 22.220983 209.639083 0.08 1.77 0.033 52.166667 160.833333 608.5 562 620 -0.18 0.080516 1.28 -0.327761111111111 0.21107
5.44375 37.8603 17.332483 221.516083 0.02 2.03 0.0844 17.666667 56.333333 29.333333 371 597 -0.01 0 7.75 0.442568888888889 0.09664
5.401 38.114217 18.141667 218.536917 0.01 2.18 0.0465 43.5 47 32 164 575 0.16 0 4.58 0.471733333333333 0.0996627777777778
138.168625 36.272675 23.677375 160.4895 0.56 1.34 0.0036 43.571429 104.142857 28.571429 246 707 0.77 0 2.78 -0.0989533333333333 -0.792321666666667
44.237875 38.413912 15.764225 236.70925 0.07 1.82 0.057 54 37.666667 33.333333 374 588 0.33 0.020387 1.25 0.437828888888889 0.107714444444444
5.9412 34.35388 0.67084 343.4373 2.111 79.52 0.0144 49.375 51.285714 30.875 427.25 1161 0.03 0 3.08 -0.689316666666667 -0.275161111111111
51.672077 35.539612 20.986023 221.370462 0.78 1.9 0.166892 60.857143 51.428571 51.714286 239.142857 709 0.86 0.052949 8.97 -0.143465555555556 -0.533945
5.430917 38.215158 17.006483 222.914083 0.01 1.38 0.0276 54.333333 54.666667 31.666667 157.333333 582 0.02 0 1.89 0.468594444444444 0.0984305555555556
5.479 35.835267 25.249967 200.233917 0.68 1.2 0.1147 60.857143 51.428571 51.714286 239.142857 709 0.86 0.052949 8.97 -0.144344444444444 -0.533273888888889
69.575357 39.2128 17.877414 219.195786 0 0.67 0.048429 77 65.666667 65.333333 259.833333 595 -0.02 0.031944 40.81 0.376876666666667 0.182517777777778
5.479 35.835267 25.249967 200.233917 0.68 1.2 0.1147 60.857143 51.428571 51.714286 239.142857 709 0.86 0.052949 8.97 -0.14447 -0.533199444444444
124.206577 36.91025 22.357846 204.831538 0.03 0.814 0.033231 129.333333 154 52.666667 394.888889 755 0.61 0.020767 3.53 -0.234128888888889 -0.196646666666667
5.4175 38.356667 19.16765 212.903417 0.01 1.03 0.0342 56 56.5 54 339 590 0.42 0.058365 3.92 0.427483333333333 0.112065555555556
96.917312 35.705141 25.718679 182.899823 0.62 2.16 0.12405 99.181818 106.636364 28.636364 231.818182 702 -0.09 0.020835 8.42 -0.09972 -0.773383888888889
5.8897 35.97144 22.76754 208.8654 0.5 1 0.07032 82.5 79.9 29.3 301.2 671 -0.04 0 69.36 -0.188445555555556 -0.559075
61.635033 37.89241 18.357443 237.8893 0.013 0.62 0.03852 83.5 57 55.5 395 641 0.99 0 7.67 0.397253333333333 0.0793138888888889
77.05225 40.18085 26.1663 182.326 0.025 0.85 0.066 80.333333 142 28.333333 286.666667 649 -0.16 0 0 0.260203333333333 0.206916666666667
83.98325 36.424988 24.99135 197.68775 0.094 1.027 0.0366 97.142857 98.285714 29.142857 269.714286 733 -0.11 0.023631 0 -0.0966622222222222 -0.0999588888888889
58.146273 38.874264 27.526182 176.693523 0.09 1.35 0.051627 42.5 78 28 216.5 672 0.19 0 0 0.204647777777778 0.221472222222222
5.4785 34.748175 24.941942 205.992583 1 5 0.08805 36.571429 36.142857 28.571429 353 718 -0.8 0.035834 3.75 -0.0583555555555556 -0.473362222222222
5.456417 35.427733 26.778917 187.302833 0.56 1.8 0.0855 43.571429 104.142857 28.571429 246 707 0.77 0 2.78 -0.0990122222222222 -0.791983888888889
64.575545 35.329864 22.208341 208.396455 0.08 1.75 0.075818 52.166667 160.833333 608.5 562 620 -0.18 0.080516 1.28 -0.327737777777778 0.211096666666667
5.475583 35.091133 30.495017 185.243833 1.94 15.14 0.0048 48 47 28 869 727 -0.03 0 0 0.00239222222222222 0.399131111111111
5.462667 37.885492 17.476 221.749417 0.02 2.03 0.0806 17.666667 56.333333 29.333333 371 597 -0.01 0 7.75 0.442377777777778 0.0967433333333333
5.3955 39.425058 20.452725 207.567167 0 0.82 0.0084 77 65.666667 65.333333 259.833333 595 -0.02 0.031944 40.81 0.376864444444444 0.182693888888889
5.480333 34.048642 7.321 305.012167 1.301 1.824 0.128 45.333333 62.333333 60 556 945 0 0.048486 2.92 -0.524292222222222 -0.323834444444444
5.427917 35.690458 16.947633 234.236 0.229 2.601 0.282 37.125 199.625 56.25 772 711 0.37 0.037236 31.83 -0.345056666666667 0.0259333333333333
167.444897 35.874018 20.293789 212.877257 0.1 0.35 0.041859 175.833333 72.5 93.333333 484.166667 706 0 0.025203 61.78 -0.286846666666667 -0.620749444444444
5.425333 39.74725 25.823117 188.416583 0.018 0.87 -0.0012 80.333333 142 28.333333 286.666667 649 -0.16 0 0 0.259555555555556 0.206768333333333
5.454333 36.617917 26.23015 199.9355 0.32 1.18 0.051 31.545455 107.545455 31.636364 487.090909 721 -0.01 0.065655 1.08 0.211547777777778 0.358285
25.812276 34.735666 24.428867 194.962603 1.07 5 0.266793 36.571429 36.142857 28.571429 353 718 -0.8 0.035834 3.75 -0.05854 -0.4736
72.106 36.27325 25.47075 82.928 1.35 5.77 0.1503 65.25 56.75 30 422.25 735 -1 0.030471 21.64 0.161826666666667 0.388942222222222
40.268917 35.687803 16.780772 231.683361 0.227 2.436 0.198267 37.125 199.625 56.25 772 711 0.37 0.037236 31.83 -0.344744444444444 0.0260011111111111
5.485917 36.024883 29.08805 187.42925 0.14 1.47 0.0036 65.25 56.75 30 422.25 735 -1 0.030471 21.64 0.162287777777778 0.388764444444444
5.479 35.835267 25.249967 200.233917 0.68 1.2 0.1147 60.857143 51.428571 51.714286 239.142857 709 0.86 0.052949 8.97 -0.14447 -0.533199444444444
5.425667 37.89245 21.4384 207.791417 0.026 0.56 0.0096 83.5 57 55.5 395 641 0.99 0 7.67 0.397322222222222 0.0792077777777778
5.5215 33.17585 27.900908 199.898917 0.27 1.7 0.0696 28.428571 42.428571 28.428571 380.285714 733 0.74 0.017142 11.36 0.02286 -0.469747777777778
5.46125 37.101367 23.3484 206.194333 0.056 0.814 0.006 129.333333 154 52.666667 394.888889 755 0.61 0.020767 3.53 -0.232793333333333 -0.195707222222222
75.513611 34.899611 24.908139 193.198222 0.18 3.22 0.175 71 69 333 441 678 0.1 0.050949 0 -0.188366666666667 0.299902777777778
74.513357 34.896236 24.979964 193.505143 0.18 3.22 0.1758 71 69 333 441 678 0.1 0.050949 0 -0.188375555555556 0.300023888888889
5.473917 35.363833 26.56315 186.984333 0.57 2.19 0.0417 99.181818 106.636364 28.636364 231.818182 702 -0.09 0.020835 8.42 -0.0999422222222222 -0.773428888888889
5.414167 36.621025 26.353025 201.211667 0.32 1.18 0.0393 31.545455 107.545455 31.636364 487.090909 721 -0.01 0.065655 1.08 0.21151 0.358394444444444
5.427333 38.646858 27.59735 184.061167 0.19 3.91 0.0624 42.5 78 28 216.5 672 0.19 0 0 0.204407777777778 0.221537222222222
5.38475 35.4224 26.86815 187.791167 0.56 1.8 0.0354 43.571429 104.142857 28.571429 246 707 0.77 0 2.78 -0.0988222222222222 -0.792394444444444
5.399833 36.323142 20.07815 221.56175 0 0.481 0.0048 113.166667 40.666667 316.5 409.166667 802 -0.07 0.08103 14.53 -0.335736666666667 -0.240416666666667
5.526 34.806233 25.2792 203.89075 1 5 0.3078 36.571429 36.142857 28.571429 353 718 -0.8 0.035834 3.75 -0.0583744444444444 -0.473456111111111
90.468286 35.746607 20.428721 211.719429 0.44 0.9 0.165343 82.5 79.9 29.3 301.2 671 -0.04 0 69.36 -0.188625555555556 -0.55933
5.4785 34.748175 24.941942 205.992583 1 5 0.08805 36.571429 36.142857 28.571429 353 718 -0.8 0.035834 3.75 -0.0583488888888889 -0.473164444444444
