4369 64 0 16 25 0 0 21 0 0 6 0 0 0 0 0 2183 0 2956 0 2 390 0 226 0 5 0 0 29 0 0 1 10 3 0 2 0 0 0 0 2 1 0 4 0 0 0 7 8 0 0 1 0 0 0 0 0 0 0 0 1 0 0 0 0 0 0
96 13 8527 4 0 50 1 1 8 1 1 1 3 0 1 1 0 1 0 1551 8 0 0 0 0 0 0 0 0 118 0 35 0 0 0 0 63 0 0 0 0 1 0 0 0 10 0 1 0 0 80 0 195 0 0 0 0 0 5 26 0 0 0 0 1 2 0
2849 2 136 736 10 0 0 1 2781 1554 37 0 708 2 104 0 4 0 9 440 119 348 176 2 12 0 91 16 58 123 1 19 0 2 303 0 18 0 94 355 70 394 99 0 0 0 3 2 0 29 46 132 22 2 0 0 53 67 3 0 0 0 34 0 8 0 1
11309 24 17 9 2 1 0 19 13 72 0 0 0 0 94 2 1 0 0 17 90 51 3 12 0 0 39 0 34 0 7 3 6 0 2 43 0 0 2 2 267 12 32 28 2 0 0 0 1 2 0 31 3 0 0 0 2 0 0 0 12 0 0 0 1 0 1
4316 692 9 321 68 58 37 26 949 5 3 3 1721 224 0 2 1 27 3 545 59 704 38 301 0 11 0 0 126 161 0 150 36 7 16 206 693 6 43 0 9 2 107 148 0 0 71 40 0 0 48 0 44 2 98 0 48 6 93 21 5 0 81 35 1 0 27
56 5 10450 191 3 0 1 0 1 0 0 219 0 4 0 1 5 1 3 6 23 0 403 0 973 0 0 0 0 0 0 0 0 16 0 0 0 76 0 0 1 0 0 0 0 0 0 2 0 0 8 0 0 0 0 0 0 0 1 10 0 0 0 0 0 0 0
609 49 1 35 6 5 0 13 435 2699 9 0 6 50 33 3 1 0 6 574 460 98 0 3 0 0 0 0 34 1249 0 689 17 0 79 34 142 74 9 7 13 3 0 0 3304 283 1 57 1 347 40 0 24 0 0 178 23 44 10 337 9 293 7 24 19 82 36
695 247 2933 44 6 0 0 6 1972 497 3 0 1035 56 0 3 0 0 2 249 201 12 1419 18 0 0 0 0 18 598 2 219 0 0 10 2 308 0 199 2 3 37 197 1 1058 123 1 1 0 64 115 1 9 0 1 2 6 1 99 5 60 18 13 1 19 3 0
8132 12 0 102 405 0 0 883 2 1 1 4 0 4 0 0 36 0 1226 0 173 396 0 25 0 0 8 0 657 1 0 0 105 8 0 6 0 0 0 0 12 67 0 208 1 35 0 0 316 0 0 123 0 0 0 0 1 3 0 0 125 0 0 0 0 2 0
267 391 1494 34 82 168 7 31 2868 540 0 0 520 64 4169 1 17 10 5 411 164 78 258 5 0 1 12 0 60 476 0 45 0 1 49 8 338 1 23 230 36 20 5 5 43 8 3 3 0 71 72 1 41 0 0 2 4 2 7 3 0 6 17 2 9 6 0
515 89 2112 274 4 0 0 1 2703 26 88 16 554 86 13 7 2 0 3 4846 192 73 156 1 0 0 4 8 7 375 13 358 2 0 1 0 181 1 17 0 339 29 1 8 7 197 12 0 0 9 52 1 17 0 0 62 103 1 13 40 0 1 0 23 9 4 2
5100 403 0 59 123 7 5869 21 52 0 0 0 7 3 0 1 18 481 136 65 41 50 27 122 1 672 0 0 8 0 18 1 58 5 0 178 0 0 5 0 232 5 1 0 0 1 0 0 0 0 0 54 71 0 0 0 1 0 0 1 5 0 0 3 0 0 0
3308 1114 2419 92 1 0 167 1 1444 2 3 2 0 403 0 2 0 4 3 335 141 426 1826 109 0 0 0 0 18 29 4 1 39 0 0 2 59 0 295 0 0 0 503 6 811 0 241 13 0 0 7 0 4 0 41 0 18 3 6 1 0 11 22 0 0 1 0
11092 15 2 152 85 0 0 1 5 0 19 70 13 7 1 0 1 0 187 8 0 150 6 27 0 3 0 0 6 8 5 0 28 0 0 0 0 2 0 0 10 0 0 2023 8 57 0 0 0 0 0 3 0 0 0 0 0 2 0 0 0 0 0 0 0 0 0
7674 18 0 22 33 0 0 4169 0 2 21 0 0 1 0 2 0 0 1554 0 7 15 0 12 0 3 0 0 0 0 5 0 313 0 0 108 0 0 0 0 25 2 0 0 4 3 0 0 0 0 0 12 0 0 0 0 0 1 0 0 0 0 0 0 0 0 0
7663 25 393 204 3 0 0 1 830 258 18 0 42 18 873 0 1 0 17 610 90 201 39 214 0 7 321 4 791 23 0 7 0 1 0 1 2 0 246 283 205 181 137 1 37 58 3 36 0 17 4 29 37 2 0 10 0 6 71 12 0 0 6 5 4 0 6
2552 551 45 338 4931 30 112 599 153 17 25 6 0 32 21 16 1373 29 345 0 2 6 10 102 35 1938 72 0 3 0 12 0 0 664 0 0 0 0 0 13 0 0 0 20 0 0 0 0 9 0 0 0 0 0 0 0 0 0 0 0 0 0 4 0 0 0 0
1672 276 15 2388 6700 0 1 1718 12 2 130 11 0 2 1 2 17 0 208 0 22 1 4 1 1 1 2 20 0 0 376 4 0 534 0 0 0 0 0 0 14 0 0 0 0 93 2 0 0 0 4 13 0 2 0 2 0 0 0 1 0 1 0 0 0 0 0
251 61 7 3 1 58 0 5 1332 4722 3 0 214 30 228 17 0 0 2 1917 48 186 1780 13 0 1 0 5 86 495 0 388 8 1 422 24 162 9 234 43 16 0 0 8 24 288 47 224 2 68 32 0 91 0 0 166 13 161 11 54 0 54 20 253 8 19 27
3813 260 2840 104 231 230 0 399 691 1344 1 0 1218 208 292 0 4 0 693 246 107 270 884 12 0 0 0 13 40 76 25 34 0 0 25 22 117 0 272 4 54 1 26 4 8 4 4 2 8 3 14 3 38 0 2 25 4 9 11 10 0 2 18 0 1 0 2
1131 22 959 190 4 0 0 0 1605 180 3 0 2787 1013 22 0 10 0 0 1585 146 903 1357 0 0 0 20 0 17 43 0 329 3 0 291 127 256 14 488 45 35 25 41 3 185 3 35 23 72 82 138 0 94 0 14 230 30 72 56 27 4 14 11 0 9 0 29
5526 764 50 214 1072 13 188 983 41 60 61 29 0 71 44 39 2666 74 317 1 25 61 127 125 9 23 13 26 0 0 10 0 25 2317 22 35 7 10 0 0 21 0 1 0 13 0 0 0 0 0 0 0 0 6 0 0 0 0 0 0 0 0 0 0 0 0 0
11581 569 887 68 9 25 1 424 344 6 12 0 128 26 49 1 0 1 22 145 52 68 36 21 1 0 1 4 18 137 1 14 0 0 7 32 124 0 164 28 7 3 11 31 0 7 5 8 1 1 19 0 12 1 1 0 14 0 21 2 11 0 1 2 2 0 1
1025 128 25 151 1 3 0 17 659 1270 59 0 159 14 5412 26 0 1 28 1395 922 97 0 3 0 0 0 0 28 1628 1 2341 3 0 3 9 31 8 23 46 40 83 74 0 92 213 4 10 0 363 25 2 64 0 2 20 35 28 1 47 0 7 9 53 7 26 7
640 15 6336 34 4 13 1 47 4467 48 0 0 265 224 113 0 4 0 0 156 32 214 1925 61 0 0 0 32 184 532 3 67 0 0 101 52 225 0 929 10 20 4 300 5 0 0 8 0 4 0 20 4 14 0 0 8 17 8 67 21 0 0 13 0 12 2 0
12999 2333 47 264 0 0 0 348 0 0 0 0 0 0 0 0 0 182 4 0 307 0 0 0 0 571 0 0 0 0 0 0 0 0 0 0 0 0 0 0 0 0 115 0 0 0 0 259 0 0 0 0 0 0 0 0 0 0 0 0 0 0 0 0 0 0 0
6897 856 0 227 1 83 2 1 365 3 147 0 3 860 0 4557 0 0 14 13 5 29 18 1322 0 0 0 8 8 2 0 8 1610 2 3 217 2 0 0 1 27 4 0 0 1 4 191 2 0 8 4 29 3 11 26 3 3 25 3 2 0 3 1 0 0 0 2
3059 332 933 238 1 23 1 52 8380 1 14 22 18 80 1564 2 0 0 0 642 142 99 19 1 0 0 0 7 38 331 0 179 0 0 3 187 69 12 177 0 27 1 4 21 0 471 21 41 7 8 60 0 31 41 11 1 72 1 31 23 95 0 27 55 27 14 5
7942 31 2 6 8177 0 0 37 0 2 0 0 0 3 0 0 7 0 1289 2 21 263 5 0 0 23 0 0 1 0 2 0 0 6 0 0 0 0 1 0 13 5 0 0 0 0 0 0 0 0 0 7 0 0 0 0 1 0 0 0 0 0 0 0 0 0 0
1788 109 0 70 0 0 0 692 1554 117 6 9 500 463 91 11 0 0 0 1206 107 1866 24 0 0 6 0 0 485 238 12 221 0 0 198 641 865 57 222 0 0 98 34 5131 0 21 23 22 43 0 319 0 4 0 4 0 516 11 57 32 25 5 35 17 2 3 5
6490 903 265 2567 592 2 20 157 6 0 188 7 0 141 0 1 4302 0 1881 1 3 66 22 5 23 5 1 0 34 0 1 23 1 12 0 47 0 3 0 0 70 1 0 48 0 0 17 220 34 7 1 104 0 0 32 0 0 0 0 0 0 0 2 0 0 0 0
274 104 25 42 0 555 0 6 2474 7743 27 0 43 83 601 7 1 0 14 874 65 91 91 1 0 0 0 8 181 2866 0 220 1 0 419 1 262 5 66 43 10 202 0 0 51 42 1 31 0 71 167 4 25 1 1 210 70 110 7 52 0 251 7 9 4 77 10
4113 420 1606 261 1 854 0 482 6431 1 0 0 147 165 180 0 0 0 2 12 32 48 284 455 11 0 0 2300 33 142 71 66 0 0 0 74 165 0 0 0 13 9 80 6 0 0 21 8 41 0 28 1 16 5 14 5 0 0 12 17 0 1 3 10 4 0 0
3400 107 880 190 15 0 0 6 756 1283 48 0 528 7 6048 0 3 0 36 1193 147 266 74 0 0 0 300 0 1045 53 36 7 0 4 17 55 21 0 488 318 352 253 334 13 124 66 1 64 23 28 10 26 38 0 0 37 0 13 74 17 0 2 12 5 5 0 4
2701 88 2085 17 415 0 28 3 2687 0 1 0 1 103 1 2 0 320 0 947 763 3357 2786 110 0 4 0 0 572 248 0 52 28 0 2 0 154 1 172 4 14 115 884 2 202 21 61 145 0 0 0 2 91 0 0 0 24 7 8 12 11 47 9 8 4 10 14
117 4 3304 2 6 0 1 1 4786 6434 1 0 961 148 20 0 1 4 1 594 209 478 305 5 0 4 2 0 113 225 1 111 6 0 373 270 589 27 129 49 1 23 10 57 0 90 2 9 3 7 19 0 105 0 0 10 30 12 19 15 0 12 55 6 1 17 1
1094 7229 0 1817 7 85 0 22 307 315 73 1 27 7348 12 16 1 0 278 25 8 29 6 0 0 1 1 0 26 53 4 48 303 0 11 4 14 1 0 95 4 2 0 0 6 3 191 9 0 114 46 0 1 94 0 21 0 3 0 5 56 41 0 1 0 1 15
8626 2970 25 1130 12 300 28 29 1166 212 60 0 25 653 316 0 223 0 65 248 55 53 25 0 0 1 0 0 77 761 0 144 0 89 286 0 410 0 0 6 0 67 6 76 286 912 29 8 1 305 90 4 5 1 0 25 1 0 0 0 59 0 0 2 0 0 9
10159 9 2 1 5203 0 4 80 0 1 1 0 0 0 1 1 411 2 2513 0 31 0 0 1408 0 1 0 0 4 0 0 0 185 5 0 5 0 0 0 0 3 2 0 0 0 4 0 0 0 0 0 2 0 0 0 0 0 0 0 0 0 0 0 0 0 0 0
564 13 18387 2 31 0 9 22 0 0 0 2 1 0 1 0 167 0 54 3 0 4 35 2 857 4 0 0 0 0 0 0 0 4 0 1 0 99 0 0 0 0 0 0 0 0 0 0 0 0 0 0 0 0 0 0 0 1 0 0 0 0 0 0 0 0 0
1305 17 2 76 16929 385 6 432 96 1 2 1 41 9 0 8 27 17 82 9 2 255 2 29 1 3 1 0 4 3 0 4 1 28 1 2 20 0 2 0 41 3 296 2 0 0 6 1 0 2 1 2 0 1 1 0 1 0 2 0 0 0 1 0 0 0 127
10507 483 17 2616 47 1896 0 2332 295 0 246 87 16 397 3 0 4 0 305 1 7 22 484 75 10 12 0 109 27 1 99 1 0 2 0 0 1 0 0 0 51 6 49 0 0 0 98 1 13 0 0 1 1 19 28 0 0 0 0 0 0 0 0 0 0 0 0
10084 226 3 369 9 387 10 59 1344 25 20 33 155 732 5 4 0 12 25 1426 50 1988 150 1 0 1 0 0 591 118 0 184 2 6 210 554 1053 12 42 3 0 62 4 34 5 3 35 13 18 0 15 1 35 0 92 1 7 0 41 6 186 2 99 26 4 0 5
8774 582 48 1255 1212 9 102 2017 93 60 195 4 26 22 47 139 4125 33 648 0 15 125 109 49 0 5 91 1 82 0 0 15 134 368 0 0 21 44 0 0 0 44 0 0 0 24 1 2 6 49 0 0 0 25 3 0 0 0 0 0 0 0 0 0 5 0 0
19965 28 3 18 204 3 12 115 7 3 15 3 1 1 1 12 223 5 129 0 0 0 0 4 0 0 0 1 2 0 0 0 3 31 0 0 0 0 0 0 0 0 2 0 0 0 0 1 0 0 0 1 0 0 0 0 0 0 0 0 0 0 0 0 0 0 0
3365 54 390 39 13834 0 11 192 39 3 8 0 1 0 1 3 2039 11 795 1 3 1 1 2 16 8 0 0 0 0 6 0 0 75 0 3 1 1 0 0 5 0 0 0 0 0 0 0 0 2 0 0 0 0 0 0 0 0 0 0 0 0 0 0 0 0 0
10247 150 201 109 173 105 0 141 141 701 0 0 29 1 2673 0 15 0 2072 94 1565 316 6 13 0 20 0 1 680 2 2 39 0 2 0 6 1 1 0 0 63 317 648 21 5 21 0 16 3 0 0 11 83 0 0 1 0 3 1 5 0 0 0 24 266 2 0
8976 4 846 26 1 4 0 9 607 776 0 0 532 2 7059 0 0 0 10 163 91 94 18 829 0 0 0 2 412 24 1 17 0 0 0 3 3 2 2 0 33 135 142 0 0 38 0 19 0 3 11 202 17 0 0 4 0 1 5 6 0 0 7 21 22 0 1
274 10 6138 28 19 0 24 3 5045 26 4 0 237 5 189 0 12 0 2 5727 77 1 18 1 0 1 0 0 0 2479 0 88 1 47 0 2 14 0 60 0 4 10 8 11 7 44 0 2 0 11 249 0 19 0 0 20 0 0 198 43 0 3 4 0 7 29 0
779 247 238 2610 73 0 0 9 7128 1047 95 0 370 20 109 3 189 0 5 2719 1670 1102 90 0 0 64 116 52 173 22 5 34 0 1 19 10 34 0 334 1000 615 216 51 0 10 1 4 23 16 14 35 0 33 0 3 30 2 29 48 37 1 0 11 10 1 0 5
2006 69 32 68 0 6 0 262 2523 8 25 0 1106 548 10673 48 0 0 12 1865 123 307 80 0 0 0 0 0 260 75 0 182 0 1 39 307 301 6 89 0 18 14 13 11 0 1 18 2 6 110 29 0 52 1 0 24 10 19 41 23 6 7 17 41 2 66 57
8483 197 2908 723 96 0 82 39 850 36 277 2 3 828 33 2 296 366 14 2639 67 415 22 4 29 3 34 0 79 109 0 588 3 2 46 374 303 6 30 30 0 3 2 702 0 0 38 39 131 156 77 1 548 0 2 10 171 31 172 36 0 7 28 66 0 0 6
6626 712 416 476 0 49 12 6 549 2681 244 20 36 7 4187 7 1 0 0 476 133 431 11 4 1 1 1039 2 936 14 0 78 1 0 0 32 12 2 86 48 1145 199 843 15 71 20 7 13 6 7 0 129 192 11 0 0 21 2 2 10 6 0 13 124 88 5 1
17578 623 2 84 135 0 0 1749 1 0 49 0 0 3 0 192 2 4 1456 0 54 39 0 4 0 15 0 0 9 2 50 2 135 0 0 1 0 0 0 0 30 26 1 0 1 47 0 6 0 1 0 5 0 0 0 2 0 0 0 0 4 4 0 0 0 0 1
21234 123 47 116 12 1 433 51 35 2 17 4 1 2 11 7 2 0 0 36 32 13 3 4 0 0 2 0 8 13 0 3 4 1 0 30 20 0 15 1 40 5 1 19 0 3 0 0 0 4 5 6 1 5 0 0 1 0 0 0 10 0 0 1 0 0 0
10992 488 253 157 129 138 0 414 510 763 1 0 18 0 2473 0 3 0 166 97 2807 660 2 190 1 0 0 2 598 3 0 42 0 0 2 1 3 0 2 0 109 366 768 0 29 14 5 9 0 4 1 11 110 0 0 1 2 4 0 4 0 0 3 34 439 1 0
11057 2 4 2 587 0 0 3 0 1 0 0 0 0 0 5 443 0 369 0 14 37 0 10188 0 2 1 0 4 0 0 0 1 10 0 0 0 0 0 0 32 0 0 1 0 5 0 0 0 1 1 55 0 0 0 2 0 1 0 0 357 0 0 0 0 0 0
24 0 23097 0 3 0 1 0 0 0 0 0 0 0 0 0 2 0 3 10 10 0 18 0 1 0 0 0 0 0 0 0 0 0 0 0 0 1 0 0 0 0 0 0 0 0 0 0 0 0 15 0 0 0 0 0 0 0 0 0 0 0 0 0 0 2 0
11276 44 2423 366 1308 1 4 266 4267 20 243 0 124 27 135 2 97 1 166 964 60 17 10 8 0 5 0 32 6 683 5 34 3 84 0 3 8 0 52 14 15 2 12 9 0 57 0 2 1 17 315 1 10 11 0 2 1 0 41 13 0 5 0 0 2 8 0
1013 19 2589 265 50 1 32 239 1146 5195 10 0 159 5 8180 17 52 4 24 713 434 95 44 0 0 0 123 2 268 633 0 75 0 12 42 0 35 5 387 9 27 354 126 5 3 388 0 50 5 50 10 12 237 0 0 2 39 126 35 32 0 0 11 31 71 4 0
13902 4382 0 3746 2 55 0 24 10 0 379 783 0 23 0 0 147 0 29 6 5 9 40 0 3 0 0 17 43 0 1 1 62 0 0 3 1 0 0 0 0 0 4 1 0 0 43 30 0 0 0 0 0 0 0 0 2 0 0 0 0 0 0 0 0 0 0
3083 13991 11 4417 365 0 9 141 31 2 590 1 0 110 1 11 253 0 230 0 1 74 3 10 0 19 12 0 101 0 2 9 13 50 0 0 0 0 0 0 3 0 0 0 0 0 7 1 34 1 0 0 0 184 12 0 0 0 0 0 0 0 0 0 19 0 0
21821 0 2 4 102 0 0 1026 0 0 2 0 0 1 0 0 1 0 417 0 38 0 0 458 0 6 0 0 0 0 0 0 0 0 0 84 0 0 0 0 11 0 0 0 0 0 0 0 6 0 0 5 0 0 0 0 0 0 0 0 0 0 0 0 0 0 0
12774 5467 2 4189 0 43 0 3 15 0 416 740 0 42 3 0 2 0 30 3 10 24 20 0 2 0 0 3 104 3 1 1 13 0 1 22 1 0 0 0 1 0 4 2 0 0 35 19 0 0 0 0 0 1 0 0 0 3 0 0 0 0 0 0 0 0 0
7075 2243 9 927 16 2308 0 41 954 1990 275 0 591 620 126 0 24 0 9 813 107 184 8 0 0 0 0 0 7 1109 185 316 55 24 16 146 478 2 15 350 36 63 1 45 377 295 113 26 25 1173 477 0 19 0 36 88 0 26 9 168 0 54 3 33 0 21 242
12887 6 1 24 1380 0 0 727 2 0 0 0 3 4 0 37 621 0 1949 5 563 44 0 1 0 6696 0 0 1 0 48 0 1 18 0 13 0 0 0 0 112 75 0 0 0 5 0 0 2 0 1 25 15 0 0 0 0 2 0 0 10 0 0 0 0 0 0
905 52 1096 66 2 0 0 38 7108 1372 3 0 3585 165 266 2 2 0 12 2467 433 1421 192 2 0 0 266 0 1553 260 2 275 2 0 154 64 615 208 910 104 55 311 7 209 48 131 7 56 8 2 17 0 50 0 19 13 428 128 127 14 44 8 47 19 33 3 18
3603 613 72 110 0 846 0 4 6594 390 69 0 47 14 3182 2 0 0 0 1486 322 198 260 2 0 1 3 1 60 4553 5 573 3 1 149 6 436 1 78 28 7 91 3 11 439 203 4 217 0 68 171 2 40 1 2 54 137 45 3 127 13 79 36 110 10 9 4
8911 943 1182 307 26 0 234 8 1956 0 2 2 0 315 10 0 8 42 66 1316 166 2535 3546 34 0 0 0 11 502 20 34 42 14 2 1245 355 339 2 231 147 122 2 26 5 366 2 156 167 3 0 5 0 177 0 35 0 135 15 48 6 58 6 6 1 4 6 6
5050 27 35 287 3 2 51 16 831 4 3 35 1153 277 0 1 21 13 97 1796 200 1055 13 56 1 0 2 0 147 222 3 1000 2 0 22 309 1779 9707 81 0 0 25 46 368 0 0 1 27 29 0 218 0 29 0 18 0 194 150 125 29 34 0 299 70 2 1 8
9374 84 5400 404 16 0 459 4 1561 0 7 0 0 66 4 1 3 42 3 1381 246 939 1553 45 0 0 0 5 144 378 16 301 8 623 636 151 542 66 678 0 3 3 38 21 207 0 37 28 2 0 0 0 78 0 10 0 292 41 165 38 11 3 10 0 7 0 0
15552 0 4 1311 4 0 0 85 1613 883 123 0 831 3294 2 3 1 0 3 759 8 215 24 0 0 1 0 42 107 261 1 310 0 0 173 12 144 27 0 0 5 2 8 7 0 0 170 12 1 14 53 0 39 0 37 0 4 2 13 22 0 3 10 25 1 2 2
762 417 712 341 9 0 0 4 5305 1151 79 0 12850 8 168 7 0 0 19 370 64 319 89 9 0 9 41 31 1169 127 19 145 0 0 109 0 340 18 21 304 24 233 296 0 127 3 18 10 2 28 121 10 104 49 2 36 35 9 20 12 0 0 17 24 43 0 2
5243 83 2393 372 1 30 0 74 2049 1258 8 0 7723 175 2898 5 0 0 1 354 658 227 23 1 0 0 64 0 348 320 0 286 0 0 71 266 56 4 84 529 53 173 303 5 24 85 14 4 39 78 1 3 155 35 1 4 43 18 24 65 0 0 80 151 21 45 20
4878 1055 23 3034 3039 105 237 1908 167 5 8 19 0 66 8 16 4921 153 1402 40 0 65 0 51 62 3 0 0 22 0 40 0 16 5779 0 0 1 0 3 17 7 0 43 0 0 31 0 0 0 0 0 0 0 0 0 0 0 0 0 0 0 12 0 0 0 0 0
7482 699 211 466 4475 32 193 2480 255 23 68 56 62 84 94 169 5307 196 2296 53 34 153 32 71 1512 233 42 0 1 1 45 0 0 829 0 0 16 3 0 3 22 37 0 3 0 20 0 38 1 21 0 0 0 0 0 0 0 0 0 0 31 0 1 0 0 0 0
758 41 3 446 54 0 13 200 5592 683 58 0 0 103 78 0 203 7 19 356 1 13 0 13 0 0 0 0 21 3 17813 47 7 5 0 1278 460 0 0 322 0 15 0 5 0 1 183 17 100 66 19 52 15 33 0 35 1 8 0 0 0 0 0 0 0 0 6
22951 268 267 575 1 5 254 1052 282 131 213 23 858 28 328 4 0 0 1 39 76 471 7 5 0 0 4 0 44 31 4 34 0 0 17 526 6 1 7 54 207 32 245 0 3 3 6 0 6 3 2 18 12 6 0 2 9 0 2 5 0 0 9 12 3 2 5
26240 14 1 8 55 0 0 33 0 0 4 0 0 0 0 0 269 0 1549 0 10 94 0 88 0 31 3 0 0 0 0 0 0 3 0 0 0 0 0 0 1 0 0 0 0 823 0 0 18 0 0 2 0 0 0 0 0 1 0 0 176 1 0 0 0 0 0
8568 126 460 44 0 10 0 12 910 2314 0 0 1351 0 10905 0 0 0 2 676 1324 257 505 1 0 0 51 5 670 17 1 70 0 2 12 0 13 0 52 28 164 345 340 2 0 7 8 39 2 4 28 43 115 2 32 72 2 8 14 26 6 0 13 23 7 14 4
16737 11 865 1364 41 0 0 20 1053 2164 269 3 351 13 1412 3 19 0 174 972 309 107 184 0 0 6 92 1 809 158 6 27 1 0 922 21 1 2 18 0 32 798 27 8 2 0 13 2 10 11 6 560 50 4 8 0 42 79 4 1 1 0 5 0 15 0 0
62 15 1339 12 4 0 0 2 2426 2251 19 0 6798 0 10133 0 0 5 0 807 27 821 57 0 0 2 109 0 338 97 0 286 2 0 1746 0 229 0 66 468 87 880 135 0 160 19 0 14 1 27 29 53 48 0 0 10 52 18 15 2 0 0 31 8 107 0 0
20743 1941 24 1331 70 43 0 3005 12 0 919 196 2 19 1 0 31 0 1086 1 5 3 255 93 43 9 0 192 14 2 3 9 0 3 0 11 0 0 0 0 13 0 6 0 0 0 1 0 3 0 1 2 0 1 2 1 0 2 0 2 0 0 0 0 2 0 0
1781 22 5462 35 74 0 4 4 2571 983 3 5 6254 55 3233 1 1 0 5 863 773 1081 1031 2 0 1 346 0 1357 215 1 336 13 2 949 25 471 12 215 20 137 553 79 0 8 3 8 98 10 23 28 2 34 0 25 301 156 65 46 181 0 30 123 2 18 30 5
24933 0 0 6 71 0 0 1421 1 0 2 0 0 0 0 0 948 5 2884 0 0 66 0 4 0 7 0 0 0 0 0 0 0 2 0 20 0 0 0 0 3 1 0 0 0 0 0 0 0 0 0 6 0 0 0 0 0 0 0 0 0 0 0 0 0 0 0
2087 149 99 14440 42 0 0 1650 237 10 552 434 16 5183 3 0 14 0 1183 15 18 327 400 110 60 37 0 332 177 0 1678 69 0 5 91 42 0 5 7 2 48 10 123 0 0 0 172 6 224 0 15 7 3 224 11 368 11 12 9 8 0 5 2 0 47 0 0
10550 1800 14 810 39 1 12 189 2495 3174 134 76 1456 3518 49 29 21 0 39 2338 19 568 58 7 0 23 25 23 157 588 14 813 5 4 330 20 619 134 9 5 12 8 6 19 5 12 121 67 7 26 24 1 77 0 2 3 14 12 26 65 0 3 22 77 1 6 6
671 28 4124 91 1042 0 0 232 17117 127 27 3 389 12 1885 15 9 0 17 1978 252 112 59 2 0 0 1 8 32 804 1 205 0 12 0 0 9 0 248 249 114 96 34 4 42 92 7 27 0 218 176 14 71 0 0 24 1 6 41 21 0 12 16 0 32 28 0
8178 4 442 147 5667 1 54 4029 826 623 5 0 18 16 1588 115 4072 0 2113 153 320 110 9 89 0 824 9 7 72 78 0 27 0 839 11 0 21 0 155 80 37 19 264 1 2 78 1 2 0 29 14 11 38 0 0 0 12 14 4 2 0 0 13 5 5 0 3
24757 2 0 29 103 0 0 214 0 0 1 0 0 0 0 4633 0 0 1503 2 55 45 0 3 0 3 0 0 6 0 2 0 44 0 0 6 0 0 0 0 50 44 0 0 1 98 0 0 0 1 0 31 0 0 0 0 0 0 0 0 7 0 0 0 0 0 0
897 28196 6 796 38 0 16 4 55 6 956 0 0 257 9 1 6 59 4 21 2 1 1 10 0 0 2 0 0 0 212 0 0 19 0 35 2 0 0 0 2 2 0 0 0 0 1 15 2 63 4 0 1 163 0 0 0 0 0 0 0 0 0 0 0 0 0
11053 10024 227 1008 34 0 417 10 247 1 355 0 0 2768 5 1 6 7 8 37 54 138 399 3469 5 10 0 0 27 0 15 1 570 1 9 12 1 0 2 2 0 5 83 12 713 0 536 0 0 0 3 4 0 0 14 0 50 0 3 2 0 6 13 0 0 0 33
937 381 12263 23 2 489 0 154 4170 84 0 0 3836 155 728 0 0 0 5 857 484 914 792 6 0 0 0 0 133 235 0 183 0 5 118 36 913 0 2962 173 176 35 382 39 37 15 6 90 2 2 2 3 120 0 5 5 107 3 286 24 0 1 14 42 39 18 0
8206 749 623 64 16 2 0 235 466 1594 1 0 804 51 16631 0 2 0 19 304 215 74 33 52 0 0 1 7 810 16 35 39 0 0 4 30 5 0 5 1 114 467 290 0 0 101 0 28 49 2 16 367 64 0 0 24 3 12 15 2 4 2 15 55 54 2 0
6644 8071 6 34 0 75 0 1 4503 7199 2 2 5 564 24 0 0 0 0 1109 369 123 39 5 0 0 0 0 42 1767 0 357 1 0 540 4 311 10 68 182 3 22 1 17 30 35 101 49 5 103 133 0 0 5 27 37 0 23 6 34 14 93 2 33 0 24 9
6000 702 138 244 2853 0 1371 274 169 13 21 54 35 43 0 37 17781 202 285 0 8 139 28 210 0 77 0 0 0 0 24 1 0 2201 0 95 0 0 0 0 62 0 0 0 0 0 0 0 11 0 0 0 0 0 0 0 0 0 0 0 0 0 0 0 0 0 0
16875 4770 3026 407 31 0 0 7 2467 719 60 0 1902 39 4 6 7 0 6 380 229 12 584 8 0 0 0 43 103 254 20 203 0 0 0 0 139 1 179 12 11 29 76 0 77 165 3 11 0 37 201 2 17 4 23 7 1 4 90 6 14 15 4 0 42 7 0
21001 4 0 8592 35 0 0 57 26 7 119 240 0 523 0 0 281 0 1568 35 3 66 3 3 14 7 0 49 241 0 84 90 0 0 3 8 1 5 0 0 9 3 1 0 0 0 10 3 60 3 2 3 1 34 78 1 0 18 7 10 0 0 0 19 14 0 0
26625 43 1 1477 22 3 0 167 46 6 4 0 3 16 43 809 6 0 2517 14 1067 152 12 22 0 3 0 0 99 3 0 1 63 3 5 2 3 0 0 0 108 49 0 0 3 18 1 7 0 0 11 19 0 0 0 24 0 21 0 1 3 33 0 1 0 5 0
3048 937 9 32 1747 2 24284 27 510 3 4 0 0 1 1 4 27 185 422 11 60 83 1 159 0 2180 1 0 17 0 10 0 37 8 1 34 0 0 0 0 224 2 0 0 16 0 0 0 0 0 2 37 18 0 0 0 7 0 0 1 2 0 12 0 0 0 5
27535 40 22 337 69 0 0 3090 26 48 25 2 5 9 31 0 205 0 1205 26 658 679 7 212 0 3 7 2 90 7 29 2 166 6 19 1 0 0 0 0 78 56 3 0 0 0 0 3 4 4 0 147 1 0 0 0 2 21 0 0 163 1 1 0 1 0 2
2516 253 26 459 13190 7 1109 14430 52 13 53 315 10 362 14 32 200 168 1301 6 39 27 14 136 1 23 0 4 8 4 9 2 13 8 0 12 2 0 3 12 1 1 4 13 0 295 5 1 2 2 5 2 0 0 0 2 1 0 1 0 0 0 1 0 0 0 3
413 62 5 43 0 28 0 17 1155 21162 5 0 1494 2729 562 16 0 0 5 691 156 172 15 1 0 1 0 0 130 3361 0 613 46 0 262 22 590 9 15 8 13 9 0 0 193 19 10 243 1 189 150 0 14 0 4 134 15 57 6 66 0 292 12 21 18 62 64
71 2 1 24 8729 0 2 8138 3 0 7 0 0 9 0 0 15428 10 3197 0 0 35 0 0 0 13 0 0 0 2 0 0 0 22 0 0 0 0 0 0 32 0 0 0 0 0 0 0 0 0 1 7 0 0 0 0 0 0 0 0 0 0 2 0 0 0 0
10181 73 0 10 6852 0 0 1051 0 0 2 0 0 0 0 0 4832 0 1448 1 51 3 2 7125 0 4043 0 1 0 1 0 0 0 13 0 0 0 0 0 0 2 2 1 0 2 0 0 0 0 0 0 5 0 0 0 0 1 0 1 0 81 2 0 0 1 0 0
715 275 627 123 2 40 0 1 4570 17 49 173 13372 2441 318 5 0 1 3 773 192 3955 2597 3 0 2 0 0 1091 509 22 7 1 3 1 26 574 1439 103 48 5 2 0 396 92 179 78 403 0 0 6 2 198 0 11 0 168 18 127 27 19 1 27 18 12 3 0
1594 90 3186 383 27 22 0 88 2203 4135 20 18 7033 1311 1003 0 0 8 27 823 137 3018 4425 23 1 6 0 11 545 36 49 32 0 2 750 71 440 2 2999 358 355 158 283 10 0 19 62 0 11 4 93 8 120 3 2 68 10 16 38 5 0 3 43 4 16 3 0
33 1 17550 2 6 0 0 1 42 0 2 0 0 15484 0 1 0 7 1 805 23 0 872 1 1521 0 1 0 1 0 0 0 0 0 0 0 0 881 0 0 0 0 0 0 0 0 0 0 1 0 0 0 44 0 0 0 0 0 0 0 0 0 0 0 2 5 0
34435 63 0 34 47 0 0 8 1 0 1 0 0 6 0 0 14 0 118 0 10 878 0 705 0 22 0 0 60 0 0 0 68 0 6 625 0 0 0 0 4 0 1 111 0 0 0 1 300 0 0 0 0 0 0 0 0 0 0 0 0 0 0 0 0 0 0
5230 19 41 8657 4539 0 9 1679 1872 44 612 7 41 6161 6 14 16 1 3 1657 20 384 24 1 6 0 0 0 50 163 7 4739 0 2 103 0 245 19 122 10 8 8 80 50 0 1 39 17 28 109 104 1 68 1 158 15 56 37 46 66 0 32 179 8 1 6 0
4413 358 90 15292 38 17 0 121 359 24 6 691 19 1975 290 0 0 0 43 9 43 49 93 100 0 2 0 11242 40 1 1498 77 0 0 8 243 6 0 0 0 5 16 31 0 0 0 52 0 1121 5 6 6 2 18 90 102 3 10 48 14 2 0 6 14 67 0 5
1969 139 20 27030 4 2642 79 21 2473 1 2 10 14 3095 12 5 5 3 45 25 3 21 32 1 0 3 61 5 20 0 96 0 2 0 26 110 69 0 0 1130 28 62 12 3 2 1 62 10 14 21 26 0 6 660 167 5 1 0 29 15 0 0 1 1 3 0 0
13394 217 4 21 9645 0 5 6018 8 1 11 0 0 44 0 0 7000 1 2606 2 2 25 12 199 0 1089 0 0 0 0 0 0 13 857 0 1 0 0 0 0 12 0 1 3 9 2 8 1 0 0 1 6 0 0 1 0 1 1 0 0 0 0 0 0 0 0 0
21995 66 0 752 95 0 0 346 8 1 13 1 0 2 5 13524 45 0 4689 0 25 6 0 1 0 11 1 0 1 0 0 3 7 50 0 0 0 0 0 0 24 16 0 2 5 92 3 2 0 7 1 25 0 0 0 0 0 0 0 0 0 0 0 0 0 1 0
1307 165 4634 67 4 0 0 115 2794 4563 8 2 14123 115 2483 4 0 0 3 1061 783 596 2672 2 0 0 38 1 553 645 3 870 10 1 502 3 556 372 629 6 144 811 169 4 12 0 14 90 47 137 11 0 194 0 1 16 365 204 65 23 6 1 141 29 29 14 21
5418 778 2960 471 1 33 0 94 22412 9 75 19 34 189 3419 16 0 0 1 1435 327 249 42 4 0 0 1 6 107 869 0 381 1 0 9 421 238 43 476 0 60 0 6 31 2 985 71 103 17 21 140 0 64 107 31 0 127 3 76 74 142 0 85 112 60 25 9
34487 66 0 25 2410 0 0 1680 4 0 4 0 0 4 0 0 56 0 205 0 984 12 0 2965 0 7 0 13 0 0 17 0 0 0 0 127 0 0 0 0 26 0 0 0 0 0 0 0 11 0 0 7 0 0 0 0 0 0 0 0 7 0 0 0 0 0 0
25614 520 5529 927 62 2223 0 2470 2345 194 194 157 453 497 171 0 0 0 324 229 84 171 1692 13 18 0 0 184 45 274 46 97 1 0 2 79 138 1 123 113 26 11 30 20 0 1 31 8 27 0 43 19 39 9 0 22 4 1 13 13 0 3 6 3 16 2 0
13714 51 620 2770 611 0 0 416 618 4019 11 352 3578 437 3830 0 0 0 667 656 171 2239 594 100 12 9 130 104 2225 14 162 34 0 0 3191 8 12 1 19 258 782 1811 766 0 0 0 2 175 18 0 16 237 211 22 14 193 1 9 66 29 0 5 23 8 11 3 0
32445 203 0 623 0 1 0 13 2233 4068 16 0 3 116 1821 1 0 0 1 1373 214 60 0 0 0 0 0 0 45 603 136 428 0 0 74 125 350 36 11 53 15 49 0 7 1 36 32 44 76 213 192 6 55 87 1 154 97 71 11 172 27 93 4 35 2 60 27
25598 4311 0 5667 1 91 0 643 1276 17 6109 36 0 36 1 9 0 0 16 29 87 20 585 68 0 0 0 51 60 6 0 96 901 0 276 4 8 0 0 42 6 5 0 1 30 2 312 232 0 9 2 1 0 14 0 21 1 615 0 3 0 81 0 17 3 9 1
6332 59 1323 131 34 54 0 116 752 5121 7 2 2411 2 23800 0 2 1 109 1349 2945 441 657 6 0 1 32 3 1065 60 10 150 0 2 2 0 21 7 147 0 186 421 557 0 0 53 24 102 3 2 9 62 286 0 7 313 6 17 31 45 10 5 16 70 7 43 8
27590 685 7 12932 229 0 0 6 168 12 820 1 17 595 0 3 3 2 1626 35 14 553 39 28 21 8 106 183 186 1 213 95 0 2 41 108 0 9 0 0 12 20 6 18 8 0 67 15 940 34 4 6 3 1827 141 43 33 12 2 20 0 0 8 5 57 0 2
35079 3665 217 631 8 0 0 9 606 535 2 2 1751 2 2080 4 0 0 91 920 1326 169 68 389 0 0 43 13 72 25 1 367 2 0 94 81 225 31 25 224 10 76 104 30 25 25 7 5 28 0 15 54 136 0 34 31 207 118 35 6 0 8 24 3 26 97 1
33 4 47834 44 1 1 1 1 6 1 0 27 0 130 0 0 1 3 2 92 45 0 77 0 88 0 1 0 0 0 0 0 0 0 0 0 0 1634 1 0 0 0 0 1 0 2 1 0 0 0 94 0 0 0 0 0 0 0 0 5 0 0 0 0 3 0 0
38975 2944 4057 49 16 5 0 664 1016 8 0 0 36 92 56 0 11 0 7 53 65 32 724 134 0 4 0 795 57 382 46 28 0 0 9 169 115 0 276 0 7 0 30 4 0 1 1 0 38 0 6 1 4 0 0 6 17 2 43 17 0 0 5 1 5 0 1
45583 921 1 215 0 0 38 502 0 0 74 19 1 0 3 2 0 0 0 0 3184 58 2 172 0 0 0 2 7 3 0 1 46 0 0 537 0 0 1 0 95 4 10 3 0 5 0 1 72 1 0 4 0 3 1 0 0 0 0 0 39 0 0 0 0 2 0
4445 309 33 31853 58 0 4 73 717 3841 26 0 422 3031 1 2 18 0 111 317 5 793 360 0 464 5 9 469 212 1 1840 413 1 2 43 487 46 9 45 75 1 30 21 0 59 0 408 14 118 3 4 1 3 9 566 68 1 20 12 23 5 0 1 0 6 0 29
104 9 38355 10 0 0 2 5 44 0 0 0 1 6693 0 2 1 8 0 4393 65 1 373 1 11 0 0 0 0 0 0 0 0 2 0 0 0 2019 0 0 0 0 0 1 0 0 0 0 0 0 1 0 380 0 0 0 0 0 0 0 0 0 0 0 57 19 0
26373 10129 283 613 12 1817 0 20 711 5186 135 0 2000 1211 387 0 0 0 14 633 83 168 33 1 0 0 0 0 127 866 0 145 185 19 66 145 199 9 72 646 28 9 20 15 210 123 55 197 19 866 104 3 7 0 38 83 4 45 26 90 10 29 0 48 12 3 55
44051 5844 0 1649 1 4 0 1992 33 1 175 0 0 124 0 11 0 0 8 0 124 48 2 5 0 0 0 0 9 2 5 3 142 0 0 3 7 1 0 37 42 15 0 0 146 1 17 0 0 105 0 10 0 9 18 34 1 13 0 18 2 18 0 0 0 10 0
42776 3044 507 1698 1 0 0 427 1332 44 208 0 1134 536 15 0 37 0 4 614 92 332 526 0 10 0 34 30 19 17 4 132 0 0 131 86 76 2 180 57 21 35 33 0 75 1 39 11 74 23 122 9 22 1 29 89 10 33 19 8 0 9 0 0 2 0 22
47147 255 2 66 0 1 52 706 0 1 78 6 2 1 2 0 0 0 1 1 5163 58 2 514 0 1 10 0 6 6 0 1 82 0 1 705 1 0 1 0 142 2 1 6 1 0 0 4 119 1 1 9 0 2 0 0 0 0 0 0 42 0 0 0 0 0 2
43186 2704 378 2028 285 0 7 411 1366 89 116 0 1144 496 57 0 14 0 246 511 112 395 485 0 5 0 32 24 37 12 2 113 0 3 119 129 111 1 183 82 28 64 76 0 62 7 15 10 96 18 106 7 51 0 34 103 7 29 28 16 1 5 3 3 7 0 17
20786 269 1108 1076 8 0 0 62 1784 5957 0 0 2759 83 2508 0 0 0 4 624 215 3682 331 22 0 0 229 0 2672 21 0 0 0 0 7207 0 8 0 0 840 547 1586 783 6 0 11 25 343 38 0 112 270 270 0 28 118 2 7 125 31 8 0 63 14 8 0 0
41075 918 32 102 42 0 9698 47 12 1 55 1 0 3 0 0 2 38 388 2 1673 17 33 2992 5 6 0 0 0 0 0 0 323 5 0 316 0 0 3 0 4 0 1 0 8 0 4 0 0 0 0 1 0 0 0 0 1 0 0 0 0 3 0 0 0 0 0
13063 23853 1162 346 0 0 9624 0 1987 0 138 0 0 87 0 1 1 12 0 605 754 1491 1427 1967 28 1 0 22 318 160 0 11 756 0 0 1 78 0 66 80 0 88 799 2 114 7 65 48 0 0 6 11 35 11 1 0 21 2 6 2 3 39 0 2 2 3 36
49816 3 25 2 1397 0 0 2385 9 1 0 1 0 0 0 3 5 1 615 0 284 237 5 2816 0 3 0 0 16 2 5 0 0 5 0 1 0 0 1 3 1064 48 0 0 0 0 0 0 0 0 0 642 0 0 0 0 0 0 0 2 25 1 0 0 0 0 0
48329 2381 0 1349 3 97 1 27 681 34 36 0 0 345 2 6087 1 0 11 24 14 81 120 3 0 0 0 656 14 4 23 198 30 0 38 166 9 38 0 468 14 129 0 16 44 11 335 26 0 87 25 8 0 6 116 124 4 49 3 16 0 3 1 7 0 0 20
50673 1545 6 223 177 75 0 5625 1 0 21 0 0 0 0 0 14 0 1395 0 266 11 3 2638 5 1 0 17 3 0 0 8 0 0 4 1 0 0 0 0 39 1 1 20 0 1 0 4 0 0 0 22 0 0 0 0 0 0 0 0 1 0 0 0 1 1 0
61286 21 50 3 661 31 0 1016 17 0 4 0 0 0 10 0 3 0 812 21 152 7 2 494 0 7 2 1 2 15 0 1 0 4 0 24 8 0 15 0 33 0 0 46 0 0 0 0 7 0 5 6 2 0 0 0 1 1 1 0 2 0 0 0 0 0 0
28772 6391 29 1128 2 0 0 403 1619 6619 218 60 4183 864 163 6 3 0 74 3964 142 1442 40 12 0 1 11 131 1872 473 4 896 56 0 484 301 1788 969 212 3 3 331 9 143 1 5 48 15 16 0 119 0 92 0 30 2 100 192 126 101 67 37 191 121 18 26 40
38325 9231 0 13334 6 0 0 1016 28 2 579 6 0 161 0 10 19 0 1976 12 103 44 1 0 0 1 0 0 47 1 0 10 46 1 1 0 3 0 0 2 7 12 0 0 132 9 66 78 0 20 1 3 0 4 3 10 0 16 0 1 1 22 1 0 0 13 0
12881 12683 3 6395 92 17 0 34 21 1 2822 13964 3 86 0 0 3 0 645 5 477 1423 189 183 9 11995 0 0 925 3 6 0 142 0 0 0 0 2 0 0 32 0 2 9 5 25 27 16 0 0 5 7 0 1 0 0 1 11 0 1 421 0 0 0 0 0 1
24639 232 0 28597 409 1 1 35 144 44 409 168 10 7274 14 14 132 0 2994 38 4 69 17 2 1 11 5 3 320 0 95 65 2 16 20 3 22 24 0 0 14 3 2 0 0 0 37 31 8 14 9 2 0 8 100 3 3 3 6 3 1 0 0 7 0 0 0
2560 8 8 9 24322 0 1 788 12 10 0 0 22 0 16 15 37 0 705 2 357 11 0 8 0 37810 1 0 15 0 288 0 1 14 3 0 1 0 0 1 31 4 0 0 2 0 0 0 0 0 2 1 0 0 0 0 0 0 0 0 4 0 0 0 0 0 0
51859 523 9 3984 13 49 0 9261 36 0 142 0 0 428 2 0 4 0 2692 2 0 54 61 13 12 0 0 36 41 1 75 25 0 0 16 13 0 0 0 24 98 5 29 6 0 0 44 15 22 0 0 2 0 18 50 2 37 2 4 0 0 0 0 0 2 0 0
1307 3274 1850 407 84 0 9 21 36367 2199 128 0 311 110 189 11 17 8 1 8403 939 6765 933 13 0 57 136 1 726 123 23 56 2 8 51 27 55 0 1853 1985 940 428 361 10 107 34 55 102 15 75 33 7 151 15 1 37 10 39 90 88 1 0 37 51 15 4 1
2305 3 2 9 62887 0 0 394 3 0 1 0 0 0 0 2 140 0 2187 0 143 0 2 0 0 7 0 2 0 2 0 0 0 5098 0 0 0 0 0 0 1 0 0 0 0 1 0 0 0 0 0 5 0 0 0 0 0 0 0 0 0 0 0 0 0 2 0
54506 50 46 4 5743 0 0 6862 12 0 0 0 0 1 0 0 14 0 331 0 3681 18 3 3335 0 980 0 14 0 1 47 0 0 2 0 5 2 0 1 0 28 0 0 0 0 0 0 0 20 0 0 12 0 0 0 0 0 0 0 0 0 0 0 0 0 0 0
64137 0 0 6 6986 0 0 1203 2 0 3 0 0 0 0 0 1249 0 1129 0 2135 76 0 74 0 1 0 0 0 0 1 0 0 5 0 0 0 0 0 0 28 0 0 0 0 0 0 0 0 0 0 22 0 0 0 0 0 0 0 0 0 0 0 0 0 0 0
33740 369 263 23789 11 0 0 3357 2087 76 55 2903 40 3842 0 0 0 0 40 33 143 994 395 203 103 7 9 941 287 0 1190 185 0 0 100 28 6 2 0 193 151 57 201 2 0 0 72 0 100 0 17 13 2 149 149 758 6 50 23 47 0 7 29 9 112 8 0
53822 6 21 101 18833 0 3 913 16 0 8 1 1 0 0 0 1909 4 2045 1 1 112 2 0 0 9 0 0 0 3 0 0 0 9 0 0 0 0 0 0 42 12 0 1 0 0 0 0 26 0 0 59 0 0 0 1 1 0 0 0 0 0 0 0 0 0 0
67553 5597 3 687 74 3 0 1237 24 0 222 31 0 22 3 0 5 0 238 0 871 15 223 272 58 0 2 688 13 1 27 6 0 0 1 28 0 0 0 0 4 7 26 1 0 9 7 8 12 0 4 5 0 1 0 4 0 0 1 2 19 1 0 5 1 8 0
1330 124 4516 82 681 4 32 369 38 7 10 18 4 12 17 35 888 38 392 27 6 16 16 8 69986 1 5 0 5 0 5 0 0 146 0 0 6 41 0 0 7 9 0 0 0 5 0 5 0 5 0 0 0 0 0 0 0 0 0 0 9 0 0 0 0 0 0
38521 30153 5 3121 16 43 0 712 317 321 1584 1 18 190 51 16 1 0 1182 941 247 40 27 34 0 3 0 0 29 288 2 141 460 0 10 62 14 2 50 1 8 41 0 21 27 30 17 74 0 22 19 3 6 0 2 18 2 35 3 5 1 14 2 4 1 4 5
19366 31398 4 10025 4 2 0 0 5 0 2111 14500 5 71 0 0 3 0 310 7 161 34 224 10 15 35 3 23 551 1 8 2 23 1 0 1 0 10 0 0 4 3 0 36 12 1 18 15 0 1 5 2 0 1 0 0 1 64 0 1 0 0 0 0 0 0 0
191 21 436 5 5 2 6 8 484 1 1 3 69367 50 4176 0 2 0 2 290 74 223 3572 1 0 0 2 0 29 42 0 142 0 1 0 32 141 49 154 0 0 0 2 242 1 25 5 35 0 0 0 0 7 0 0 0 0 5 70 2 5 1 0 1 3 2 0
22111 196 7 64 0 25 0 17 6017 31853 6 0 17 19 9998 60 0 0 18 1345 143 1295 340 0 0 0 0 0 135 201 30 101 0 0 3110 6 365 2 248 551 105 434 0 4 129 46 12 35 0 59 426 3 38 4 1 67 97 33 25 32 4 22 34 10 9 2 60
75866 1194 12 495 55 195 953 18 259 0 12 2 13 9 39 4 12 32 9 10 40 39 6 12 0 5 175 52 12 3 55 2 7 3 2 5 9 0 1 67 62 26 47 5 7 0 43 6 19 31 1 4 0 30 192 0 0 2 4 0 15 0 0 1 0 0 13
69197 1276 28 1677 9 0 4 1 2069 316 232 1 90 1035 1 3 67 10 0 727 22 687 130 3 0 12 1047 0 133 141 0 139 0 1 20 44 607 23 90 111 23 20 11 1 0 32 43 11 48 45 208 5 25 34 0 43 5 7 6 30 16 2 73 8 41 5 0
54613 146 1526 1170 119 0 0 1808 2382 3076 292 67 3150 1254 1184 0 0 0 224 393 82 1800 2168 90 35 2 27 104 561 21 60 54 0 0 817 74 120 0 518 2356 638 352 547 23 0 8 73 38 11 0 86 61 67 5 0 32 5 4 42 3 0 2 31 4 2 1 2
72269 260 3 2229 356 2 0 1800 31 8 1008 0 0 87 1 0 1876 1 1400 3 1602 185 22 65 10 3 0 9 36 1 0 84 0 356 0 0 0 0 0 5 11 13 41 0 0 0 3 17 0 63 0 1 0 0 11 0 0 8 0 5 0 1 1 3 0 3 0
69324 5739 0 2926 57 0 1 193 1 0 582 4407 0 144 0 1 193 2 1386 6 9 130 12 143 0 3 0 60 277 0 1 189 14 10 3 1 0 17 0 0 0 16 2 8 0 0 5 10 2 0 0 1 0 4 11 0 2 15 0 0 4 0 0 2 0 0 1
39479 19588 1243 767 2 0 19684 0 819 1 106 6 0 127 0 1 0 4 6 140 838 176 606 1197 69 2 0 3 7 22 0 0 1091 0 3 1 22 0 86 0 1 11 37 6 237 0 199 1 0 4 0 1 3 0 0 0 22 0 1 2 0 7 8 0 0 1 2
74378 249 13 804 4788 1 6 836 125 1 732 5 118 39 1 640 12 3 571 190 201 601 3 21 1 1 14 0 101 20 2 110 0 48 5 26 203 1027 6 0 226 54 18 116 0 0 0 16 48 6 27 276 2 0 2 2 25 20 12 4 17 0 34 4 0 0 1
63328 615 45 13441 7539 0 0 5 170 5 14 0 31 488 0 0 0 0 130 6 9 4 142 156 0 4 0 263 6 5 437 107 0 0 0 0 1 0 2 0 2 4 13 0 128 24 11 14 3 3 20 0 0 145 1171 10 2 0 12 14 1 0 0 0 67 0 0
70296 2896 50 10388 83 0 0 338 68 10 2550 608 5 160 0 0 32 0 836 7 36 56 474 116 75 32 8 439 107 2 2 5 0 1 1 13 0 0 1 0 22 18 31 0 0 0 15 5 0 0 6 17 0 8 0 0 4 1 0 0 0 1 0 2 0 0 1
68796 171 12 5565 25 2 12 5360 1664 10 649 7 40 5124 14 9 39 1 10 607 23 236 24 12 0 3 3 0 83 89 2 2070 6 0 52 19 141 6 44 80 30 6 147 113 0 3 26 107 11 120 87 1 21 0 41 17 16 5 29 45 0 7 83 1 0 12 0
64458 172 2 15076 844 0 10 747 74 1 50 502 13 799 0 1 384 28 9074 25 1 226 53 302 0 5 0 16 522 4 0 73 0 3 5 240 39 113 1 1 0 3 24 83 0 0 24 25 65 0 3 3 1 9 121 0 19 3 3 0 2 0 24 0 0 0 6
62351 25210 16 2140 909 0 0 451 15 11 757 2 5 45 0 9 170 0 2276 2 242 1 96 225 0 99 0 143 2 2 2 8 17 0 0 0 0 0 0 0 1 1 10 0 26 0 0 2 0 3 4 0 1 4 18 2 0 0 0 1 2 5 0 0 1 3 0
129 8 91687 15 3 0 5 3 15 1 0 0 1 1087 2 3 2 3 0 856 221 0 132 1 149 0 0 0 0 0 0 1 0 2 0 0 2 1145 1 0 0 0 0 1 0 21 0 1 0 0 94 0 62 0 0 1 0 0 4 1 0 0 0 0 14 3 0
31275 764 186 28576 3 13 0 38 1031 0 102 0 1 4537 0 0 0 0 7 8 12 146 241 145 13 0 3 22436 77 1 2935 397 0 1 28 117 4 0 3 174 53 5 368 0 0 0 181 0 1844 0 41 5 0 83 13 25 29 4 11 38 0 0 9 1 38 2 0
70965 12943 11 4046 407 38 8 2409 155 0 1128 4 0 187 0 0 3355 0 190 5 26 9 67 1 147 6 5 145 68 1 0 0 0 4 18 0 1 0 0 2 13 10 17 3 28 0 16 7 0 8 5 0 0 10 38 2 0 0 0 0 0 1 0 0 0 1 0
49131 33834 1 3729 17 39 0 978 147 9 1824 2 2 198 44 8356 1 0 1548 27 216 52 10 45 0 4 0 0 22 21 0 22 642 0 0 30 10 0 0 1 26 38 0 17 26 27 7 49 0 29 12 11 0 3 2 10 0 17 1 1 2 15 0 1 0 4 10
36964 46136 0 13625 3 15 0 348 169 11 4408 27 5 617 3 0 0 0 465 3 15 29 3 0 0 0 0 1 30 4 0 8 132 0 1 0 4 0 0 8 5 11 0 0 33 1 100 33 0 6 11 3 0 14 18 4 0 26 0 1 2 14 1 1 0 8 1
80401 1877 18 12471 1664 126 0 3706 327 0 33 0 3 281 5 0 0 0 1153 8 12 429 44 103 0 3 0 201 80 1 262 189 0 7 8 40 1 1 1 0 39 27 39 10 0 0 41 429 111 2 1 2 2 113 258 10 55 5 1 3 0 0 2 12 13 0 2
56819 3519 3 38504 7 26 0 1545 327 8 1377 5 0 141 95 69 3 0 479 15 797 62 4 26 6 1 0 0 95 7 0 126 66 0 6 3 3 0 0 22 24 26 0 0 108 3 114 86 0 211 7 16 0 2 23 20 0 71 0 21 0 63 2 16 0 89 4
153 12 108956 8 5 0 2 5 6 1 0 2 1 12 0 3 0 1 0 48 0 4 8 0 66 0 1 0 0 0 1 1 0 0 0 1 0 0 0 0 0 0 0 0 0 0 0 0 0 1 1 0 0 0 0 0 0 0 0 0 1 0 0 0 0 0 0
30545 67531 15 5249 254 0 0 1048 167 50 2497 2 35 46 2 0 2 2 23 16 372 181 203 6 633 1 30 126 226 2 11 22 1 1 1 23 1 0 0 4 2 11 9 0 94 0 31 51 1 11 3 4 0 0 2 5 13 91 0 36 0 2 2 0 2 1 4
33190 44073 0 13941 2 61 1 219 664 165 15458 35 1 521 14 1 0 0 77 22 73 64 8 0 0 0 0 0 116 77 0 18 107 0 45 0 26 0 3 1 10 14 1 0 26 0 276 63 0 5 28 1 0 89 37 28 4 16 0 4 0 274 0 0 0 15 9
67236 35612 16 3168 26 0 1 1815 56 345 1507 0 13 9 0 1 233 0 37 2 17 151 260 7 259 0 2 39 156 0 10 14 2 44 64 9 2 0 1 0 0 4 3 0 14 0 44 12 0 0 4 0 0 0 2 1 13 0 0 4 0 1 0 0 2 0 2
89684 2188 0 9102 3 0 0 417 158 1 9632 0 1 11 11 255 4 0 71 8 44 28 0 52 1 1 0 29 26 7 17 16 0 1 10 69 2 0 0 31 19 75 1 0 2 11 4 40 7 40 8 11 0 102 7 3 2 23 0 3 0 2 0 0 0 0 5
5408 1202 487 56 80 0 21 224 1939 87381 4 0 6714 240 0 0 2 2 18 3841 98 1124 1444 0 60 1 70 3 148 10 32 209 0 0 194 707 363 3 1026 24 3 10 25 0 34 0 73 13 13 7 46 0 59 0 31 25 34 3 18 18 2 1 4 0 11 0 60
102121 4 0 6230 21 0 0 308 26 0 2087 348 0 261 0 0 661 1 1737 2 1 68 14 0 3 4 0 312 43 0 0 4 0 0 6 3 1 1 0 0 12 18 2 0 0 0 5 16 0 1 1 3 1 0 55 0 0 3 0 0 0 0 0 1 0 1 2
58619 47313 0 3866 11 2 0 916 28 1 2385 10 6 194 0 0 0 1 1322 8 30 35 1 1 0 3 0 0 33 4 1 9 314 0 0 30 0 0 0 1 13 29 0 10 6 4 18 48 0 11 13 12 0 6 2 3 0 29 0 0 3 13 0 2 0 4 1
103730 3335 63 4025 1 0 1 864 154 38 527 494 4 766 3 0 0 0 129 5 160 86 352 105 120 1 58 406 82 1 1 0 0 0 10 15 1 0 0 11 35 27 86 0 0 1 32 20 0 0 11 5 0 11 0 10 3 2 0 3 0 1 8 3 0 0 0
98436 4302 23 8266 7 0 0 1 419 6 63 0 60 2325 2 0 4 0 4 63 152 101 88 0 19 0 0 0 7 2 24 17 0 0 12 203 8 1 13 9 0 6 1 22 214 0 76 4 889 45 24 0 1 0 229 62 2 14 2 8 0 1 1 0 1 0 8
111101 768 0 1615 1 3 0 34 53 33 261 0 0 4 5 11 0 0 6 7 7 1895 3 13 0 0 0 0 12 2 47 0 0 0 4 1 1 0 1 114 139 56 3 0 2 2 0 3 0 1 5 108 0 0 9 2 0 1 0 0 1 1 0 0 0 2 7
114123 56 0 93 0 0 0 585 7 0 19 0 2 0 2 0 0 0 4 0 734 322 2 33 0 0 1 0 20 0 1 4 1 0 3 118 0 0 0 0 145 47 46 0 2 2 0 0 0 1 1 8 0 1 0 1 1 3 0 0 1 0 0 0 0 7 0
106666 4175 4 2392 281 0 4 3 13 0 919 0 1 65 1 0 54 0 440 2 37 78 21 1128 35 5 48 9 37 0 4 6 0 5 241 3 1 1 0 5 6 46 14 1 1 3 23 3 18 36 1 10 0 51 3 5 0 3 0 1 44 0 0 6 2 0 0
94799 11838 15 5271 1 13 374 58 15 4 2877 519 0 13 2 2 0 0 2 8 444 22 11 56 17 0 510 46 31 6 1 14 9 0 0 32 1 0 3 7 22 6 17 27 2 93 33 6 1 11 7 0 1 107 1 0 1 0 0 10 4 0 2 3 1 13 11
27697 51122 22 946 224 0 8919 33 389 0 462 11 0 218 0 0 80 19854 1509 138 2550 55 194 2650 22 24 0 10 10 2 2 0 688 3 0 1 0 0 2 1 0 2 67 4 141 0 360 7 0 0 3 0 1 10 0 0 3 2 46 0 30 2 3 0 0 0 7
94967 5242 6225 651 1 150 1 3874 2254 9 18 0 1180 180 240 0 1 1 38 299 154 338 361 64 7 0 8 55 49 166 12 62 0 1 58 161 363 1 891 236 88 45 90 46 10 11 58 46 4 1 1 0 60 3 12 3 56 0 112 16 1 0 12 9 4 8 3
94573 15011 55 5545 1131 110 1744 2093 288 0 1874 0 0 74 1 0 18 2 66 7 240 79 94 101 94 47 6 113 78 8 2 11 34 1 22 13 2 1 0 4 28 18 12 0 27 0 2 15 0 3 11 3 0 7 29 3 0 0 0 1 1 4 0 0 0 4 0
118194 16 4 16 115 0 1 1993 2 0 1 6 0 0 0 2 36 8 407 2 183 104 4 1109 0 4 0 0 5 0 59 1 106 0 0 5353 0 0 0 0 0 0 1 87 0 0 0 0 98 0 0 1 0 0 0 0 1 5 0 0 12 0 0 0 0 0 0
79760 32575 1 3078 7 40 0 607 799 2 8676 376 5 384 5 46 1 0 186 17 157 29 266 41 0 1 0 1 80 7 0 19 818 0 46 422 1 1 0 7 38 1 0 1 15 1 249 136 0 12 5 1 0 29 7 19 1 312 0 8 0 52 0 0 0 12 1
96981 17341 0 6285 2 0 0 234 89 1 8526 6 2 87 3 29 0 0 6 13 4 73 0 1 3 0 0 12 60 5 4 2 0 0 51 19 10 0 0 0 24 125 0 0 0 2 13 61 0 11 31 17 0 249 18 1 0 8 0 0 0 1 0 0 0 3 0
61 8 129421 27 2 0 0 2 5 0 1 1 0 51 0 0 3 3 0 631 42 0 11 0 4 0 0 0 0 1 0 1 2 0 1 0 0 1995 0 0 0 0 0 5 0 44 0 0 0 0 16 0 3 0 2 0 0 0 16 34 0 0 0 0 21 4 0
128352 46 2 2062 3806 0 0 1364 83 0 1709 4 0 6 0 0 6 0 815 1 41 6 0 62 33 2 0 572 0 4 0 28 0 5 0 0 0 1 0 0 2 4 1 114 0 0 4 0 0 0 46 2 0 0 0 0 0 0 0 0 0 1 0 0 0 3 0
113991 980 23 8928 915 0 1 566 34 2 13288 32 0 27 2 101 26 2 420 7 135 117 16 5 2 2 19 3 56 1 1 8 0 320 0 5 0 0 0 3 39 38 13 24 0 0 25 58 11 22 1 125 0 0 11 4 3 9 0 1 8 0 0 1 0 0 6
120404 18894 2 855 0 0 5 6 35 0 669 0 2 335 1 3 0 11 4 8 0 32 3 0 0 2 0 0 0 0 0 0 0 0 1 96 2 1 0 0 6 0 110 0 0 0 19 0 0 0 0 0 0 54 0 0 0 0 0 0 0 0 0 0 0 0 28
118512 21633 0 1487 2 0 0 1 18 0 313 2577 18 0 4 2 1 2 91 1 7 7 170 0 5 0 0 0 25 0 0 0 21 0 1 11 0 0 0 0 1 0 0 14 0 0 17 0 0 0 0 5 0 2 0 0 0 28 0 0 0 0 0 0 0 0 0
68333 37299 71 5677 10 0 28933 54 12 0 3782 18 0 42 0 0 64 0 33 1 17 13 451 1110 541 0 0 38 14 3 0 0 940 0 0 0 0 0 0 0 0 4 11 0 254 0 114 4 0 0 1 1 0 1 0 0 4 3 0 0 0 16 0 0 0 2 1
104284 10662 32 20613 16 0 0 523 104 21 4105 3071 9 213 12 3 1 0 15 20 2028 143 32 24 86 3 285 172 840 1 10 20 4 0 178 158 0 2 0 11 0 21 582 176 63 2 384 40 9 1 1 0 1 32 96 3 21 148 0 2 2 6 3 0 3 11 8
2911 228 39 220 130254 0 24 1097 375 32 46 0 0 0 0 9 11414 42 3483 16 41 4 5 26 0 9 0 0 0 0 49 0 0 575 0 10 5 0 0 0 38 0 0 0 0 0 0 0 0 1 0 0 10 0 0 0 0 0 0 0 0 0 0 0 0 0 0
16582 135409 0 8 14 0 4 59 1 0 1 0 0 0 0 2 64 0 5 0 0 14 0 1 0 1 0 0 0 0 0 0 0 2 0 0 0 0 0 0 0 1 0 0 0 0 0 0 0 0 0 0 0 0 0 0 0 0 0 0 0 0 0 0 0 0 0
79324 10546 540 2155 46 0 2 2685 1967 45479 228 1 3177 409 1 5 30 2 37 2086 223 1582 1444 4 124 2 114 18 250 9 206 133 0 12 154 1119 211 5 697 362 11 41 94 0 29 0 82 32 49 20 92 1 73 2 11 33 42 7 33 11 23 0 5 0 8 0 54
55728 87070 2 8614 0 175 0 430 285 149 289 0 0 2488 3 1 0 0 0 30 40 79 2 0 0 0 0 9 74 28 3 38 0 0 49 0 6 0 3 107 73 99 1 3 3 0 175 71 44 24 7 40 0 563 88 6 0 6 0 3 1 8 0 7 1 243 3
29069 81 140 5 649 1 101894 682 106 1 2 0 9 2 5 0 55 5 245 119 11194 1056 9 7806 0 303 0 1 119 52 874 3 2731 4 2 936 0 0 2 0 15 0 0 6 5 0 0 0 0 0 6 0 1 0 0 0 5 0 5 0 123 0 0 0 0 2 0
143026 21 0 9895 68 0 0 206 27 1 3337 486 0 222 0 0 623 0 1792 4 3 91 15 0 0 1 2 193 52 0 1 14 0 1 14 1 2 4 0 0 24 20 1 0 0 1 8 18 0 4 1 7 0 0 56 0 0 2 0 2 0 0 0 1 0 0 1
101421 14279 2 1903 14689 0 11899 520 26 1 395 39 4 4 2 1 554 15543 709 0 255 37 130 526 48 2 13 38 85 0 2 2 464 214 0 2 1 0 0 5 5 24 3 1 0 2 6 2 0 7 1 1 2 1 5 7 0 3 0 0 0 1 0 1 0 4 1
29860 310 344 37 15704 0 18638 119 496 703 7 1 94 16 3 1 3143 90672 1030 71 624 62 34 1330 1 4 0 2 128 27 0 5 1276 124 35 22 57 4 15 6 4 4 0 8 0 20 0 2 1 3 2 10 10 0 0 2 4 1 1 4 7 3 5 1 2 2 1
142961 14 115 39 9948 0 0 1860 2 0 4 1 0 0 0 0 26 0 1248 0 6170 2469 11 1177 0 17 0 0 362 10 21 0 0 6 0 0 0 0 0 0 1159 8 4 0 0 0 0 0 29 0 1 703 0 0 0 0 0 0 0 0 0 0 0 0 0 0 0
168544 12 3 15 6 4 3 2 6 0 0 92 4 1 1 4 2 0 0 0 0 0 6 0 0 0 6033 0 0 0 2 0 57 47 0 13 0 0 0 0 5 0 0 1 0 0 0 0 0 0 0 0 0 0 0 4 0 0 0 0 0 0 0 0 0 0 0
142346 15223 17 9366 4 4 90 150 37 60 6395 483 2 8 92 5 1 0 0 19 186 36 19 11 19 0 36 11 76 12 2 8 16 1 0 33 1 0 0 2 140 7 25 30 2 6 22 3 0 1 5 15 4 141 0 0 1 1 0 1 6 0 1 1 4 4 1
162377 5687 9 1405 14 12 0 3736 1 0 279 1 0 2 0 0 84 0 2326 0 6 1 15 131 16 4 1 79 11 1 1 7 0 2 0 2 0 0 0 0 6 7 5 2 1 0 0 17 0 0 0 1 0 1 0 0 0 0 0 0 0 0 0 0 0 4 0
58037 139 37 53105 26994 0 48 11956 355 6 6517 2 1 22557 0 5 97 1 208 103 14 376 138 6 1 0 0 0 149 4 40 1311 1 4 16 1 9 91 4 0 39 42 147 46 0 0 113 39 134 95 10 1 5 7 835 3 8 12 7 22 0 0 19 0 0 5 0
82888 81 8 7 842 2 93312 40 9 4 1 1 1 1 0 0 882 144 534 3 1049 114 2 9064 1 49 0 0 4 1 4 0 481 135 0 1 0 1 0 0 6 0 0 2 3 0 1 0 0 0 0 26 0 0 0 0 0 0 0 0 36 33 0 0 0 0 0
167106 7154 15 9779 60 0 0 422 11 0 2138 0 0 9 0 0 59 0 1376 5 1147 38 92 147 51 3 7 127 34 8 0 0 3 5 0 15 1 0 1 1 8 38 26 0 26 2 14 5 6 38 6 6 0 0 2 16 0 19 0 1 1 3 0 0 0 0 4
43357 95562 161 1666 46 0 23007 1 215 0 2159 14 1 17 0 0 6 18401 440 77 1697 189 488 1856 70 27 0 38 42 23 0 0 1105 1 1 1 7 0 12 17 1 18 119 1 65 1 25 23 0 2 2 2 0 5 0 0 7 3 2 0 2 40 0 0 0 2 3
