0.951326 0.0519935 0.0198953 -0.0187678 -0.0335934 -0.0588698 3.63882e-07 -0.0869505 0.210698 -0.0413303 0.199619 -0.105856 -0.102453 -0.0584901 -0.0344727 0.0577067 1.85681e-06 0.00985027 -0.0181629 -0.0213646 0.123482 -0.0493714
0.0519935 0.892012 0.0112793 0.0192421 0.111652 -0.0732909 -1.34386e-06 -0.0388099 -0.0732921 0.136891 0.014338 -0.0675405 -0.0295024 -0.0728161 -0.0275156 0.064253 2.20252e-06 0.0982031 0.0490216 0.0124593 -0.0511378 0.0180981
0.0198953 0.0112793 0.998201 -0.0531276 -0.099301 0.00351451 4.84741e-07 0.000126818 -0.00845803 -0.00603838 0.0499847 -0.0629725 0.130655 0.0034901 -0.11506 0.0778033 -3.54719e-07 0.00686656 -0.00658597 0.0184088 -0.0956106 0.12121
-0.0187678 0.0192421 -0.0531276 0.516808 0.136513 0.0753023 1.02738e-06 0.0266077 0.065264 0.0429345 -0.0204321 0.0659767 -0.0578099 0.0748107 0.283935 -0.0156527 -1.14672e-06 -0.0292901 -0.0126604 -0.0440289 0.0687484 0.00201339
-0.0335934 0.111652 -0.099301 0.136513 0.867339 -0.268743 1.1319e-06 -0.136984 0.0272756 0.184108 0.0499518 -0.040228 -0.0459546 -0.266988 0.0726116 0.0161384 6.32105e-07 0.0442345 0.0224107 0.0677554 0.336021 -0.12865
-0.0588698 -0.0732909 0.00351451 0.0753023 -0.268743 0.796102 1.72591e-06 0.353829 0.0421936 -0.226401 -0.10004 0.13818 0.0705972 0.790896 0.146493 -0.0503229 -2.42981e-07 -0.00129842 -0.0290742 -0.0655312 -0.316505 0.21629
3.63882e-07 -1.34386e-06 4.84741e-07 1.02738e-06 1.1319e-06 1.72591e-06 3.28835e-09 1.71109e-06 1.81001e-06 -1.8281e-06 -2.12473e-06 -1.62775e-06 -8.6016e-07 1.71478e-06 -1.31723e-06 6.91542e-07 -1.30222e-10 -1.23706e-06 -4.11588e-07 -2.15998e-07 -1.38855e-06 8.90626e-07
-0.0869505 -0.0388099 0.000126818 0.0266077 -0.136984 0.353829 1.71109e-06 0.532505 0.0449719 -0.143376 -0.0276531 0.251561 0.0177052 0.351516 0.0758706 0.0214681 -2.54265e-06 0.00405543 0.000940903 -0.0393766 -0.217335 0.339613
0.210698 -0.0732921 -0.00845803 0.065264 0.0272756 0.0421936 1.81001e-06 0.0449719 1.10466 -0.366814 0.115787 -0.0410852 -0.0109327 0.0419149 -0.0046045 -0.0803115 -1.62173e-06 -0.0245552 -0.0777164 -0.0462074 0.318552 0.0698437
-0.0413303 0.136891 -0.00603838 0.0429345 0.184108 -0.226401 -1.8281e-06 -0.143376 -0.366814 1.03603 -0.000824476 0.00864129 0.0537298 -0.224923 0.100759 0.0320969 -1.74468e-06 0.0409985 0.0581174 0.089621 0.0530201 -0.113328
0.199619 0.014338 0.0499847 -0.0204321 0.0499518 -0.10004 -2.12473e-06 -0.0276531 0.115787 -0.000824476 0.720292 0.000868045 -0.0154099 -0.0993886 0.00219453 0.0549237 -6.87524e-07 0.0417738 -0.023447 -0.0363775 0.173401 -0.0207707
-0.105856 -0.0675405 -0.0629725 0.0659767 -0.040228 0.13818 -1.62775e-06 0.251561 -0.0410852 0.00864129 0.000868045 0.572102 0.0315242 0.137277 0.138107 0.0110682 -1.10526e-06 -0.0102663 0.0202053 -0.00313399 -0.0786086 0.0876708
-0.102453 -0.0295024 0.130655 -0.0578099 -0.0459546 0.0705972 -8.6016e-07 0.0177052 -0.0109327 0.0537298 -0.0154099 0.0315242 0.996648 0.0701364 -0.0823653 0.00215699 -3.73145e-06 0.0221802 0.100442 0.225189 -0.064342 0.0414294
-0.0584901 -0.0728161 0.0034901 0.0748107 -0.266988 0.790896 1.71478e-06 0.351516 0.0419149 -0.224923 -0.0993886 0.137277 0.0701364 0.785724 0.145535 -0.0499969 -2.41116e-07 -0.00128963 -0.0288814 -0.0651004 -0.314436 0.214873
-0.0344727 -0.0275156 -0.11506 0.283935 0.0726116 0.146493 -1.31723e-06 0.0758706 -0.0046045 0.100759 0.00219453 0.138107 -0.0823653 0.145535 0.80906 -0.0723253 1.10467e-06 -0.0158203 -0.0647909 -0.11499 0.190827 -0.0483928
0.0577067 0.064253 0.0778033 -0.0156527 0.0161384 -0.0503229 6.91542e-07 0.0214681 -0.0803115 0.0320969 0.0549237 0.0110682 0.00215699 -0.0499969 -0.0723253 0.551507 -1.82029e-06 0.0420634 0.051604 -0.00586926 -0.051865 0.074077
1.85681e-06 2.20252e-06 -3.54719e-07 -1.14672e-06 6.32105e-07 -2.42981e-07 -1.30222e-10 -2.54265e-06 -1.62173e-06 -1.74468e-06 -6.87524e-07 -1.10526e-06 -3.73145e-06 -2.41116e-07 1.10467e-06 -1.82029e-06 3.41734e-09 1.0178e-06 1.07604e-06 5.41161e-07 2.57975e-06 -1.73705e-06
0.00985027 0.0982031 0.00686656 -0.0292901 0.0442345 -0.00129842 -1.23706e-06 0.00405543 -0.0245552 0.0409985 0.0417738 -0.0102663 0.0221802 -0.00128963 -0.0158203 0.0420634 1.0178e-06 0.200965 0.00553704 0.0512636 0.00678125 -0.00931215
-0.0181629 0.0490216 -0.00658597 -0.0126604 0.0224107 -0.0290742 -4.11588e-07 0.000940903 -0.0777164 0.0581174 -0.023447 0.0202053 0.100442 -0.0288814 -0.0647909 0.051604 1.07604e-06 0.00553704 0.676971 0.0463065 -0.077613 -0.00862019
-0.0213646 0.0124593 0.0184088 -0.0440289 0.0677554 -0.0655312 -2.15998e-07 -0.0393766 -0.0462074 0.089621 -0.0363775 -0.00313399 0.225189 -0.0651004 -0.11499 -0.00586926 5.41161e-07 0.0512636 0.0463065 1.03518 -0.024087 -0.0019382
0.123482 -0.0511378 -0.0956106 0.0687484 0.336021 -0.316505 -1.38855e-06 -0.217335 0.318552 0.0530201 0.173401 -0.0786086 -0.064342 -0.314436 0.190827 -0.051865 2.57975e-06 0.00678125 -0.077613 -0.024087 1.17517 -0.210282
-0.0493714 0.0180981 0.12121 0.00201339 -0.12865 0.21629 8.90626e-07 0.339613 0.0698437 -0.113328 -0.0207707 0.0876708 0.0414294 0.214873 -0.0483928 0.074077 -1.73705e-06 -0.00931215 -0.00862019 -0.0019382 -0.210282 0.722729