1.12121 0 0 0 0 0 0 0 0 0 0 0 0 0 0.0635767 0 0 -0.0469939 0 0 0 0 0 0 0 -0.00278076 0 0 0 0 -0.094866 0 0 0 0 0 0 0 -0.110291 0 0 0 0 0 0 0 0 0 0 0 0.00637426 0 0 0 0 0.150092
0 0.975381 0 0 0 0 0 -0.0399049 0 0 0 0 0 0 -0.119766 0 0 0 0 0 0 0 0 0 0 0 0 0 0 0 0.138803 0 0 0 0 0 0 0 0 0 0 0.115636 0 0 0 0 -0.0229713 0 0 0 0 0 -0.0161075 -0.0456928 0 0
0 0 1.14857 0 0 0 0 0 0 0 0 0 0 0 -0.0235315 0 0 0 0 0 0 0 0 0 0 0 0 0 0 0 0.0582317 0 0 0 0 0 0 0 0 0 0 0 0 0 0 0 0 0 0 0 -0.0331938 0 0 0 0 -0.113706
0 0 0 1.5514 0 0 0 0 0 0 0 0 0 0 0 0 0 0 0 0 0 0 0 0 0 0 0 0 0 0 0 0 0 0 0 0 0 0 0 0 0 0 0 0 0 0 0 0 0 0 0 0 0 0 0 -0.0724322
0 0 0 0 1.53625 0 0 0 0 0 0 0 0 0 0.0109078 0 0 0 0 0 0 0 0 0 0 0 0 0 0 0 -0.0266881 0 0 0 0 0 0 0 0 0 0 0 0 0 0 0 0 0 0 0 0 0 0 0 0 0
0 0 0 0 0 1.09949 0 0 0 0 0 0 0 0 0 0 0 0 0 0 0 0 0 0 0 0 0 0 0 0 0 0 0 0 0 0 0 0 0 0 0 -0.117831 0 0 0 0 0 0 0 0 0 0 0 0 0 -0.121882
0 0 0 0 0 0 1.40815 0 -0.0712737 0 0 0 0 0 -0.0746302 0 0 0 0 0 0 0 0 0 0 0 0 0 0 0 0 0 0 0 0 0 0 0 0 0 0 0.00622333 0 0 0 0 0 0 0 0 0 0 0 0 0 -0.0431164
0 -0.0399049 0 0 0 0 0 1.33933 0 0 0 0 0 0 -0.0742444 0 0 0 0 0 0 0 0 0 0 0 0 0 0 0 0.00857501 0 0 0 0 0 0 0 0 0 0 0.134289 0 0 0 0 0 0 0 0 0 0 0 0 0 0
0 0 0 0 0 0 -0.0712737 0 0.488674 0 0 0 -0.205849 0 -0.134593 0 0 0 0 0 0 0 0 0 0 0 0.0137249 0 0 0 -0.00962738 0.0745489 0 0 0 0 0 0 0 0 0 0 0 0 0 0 0 0 0 0 0 0 0 0 0 -0.0365041
0 0 0 0 0 0 0 0 0 1.32789 0 0 0 0 -0.0413477 0 0 0 0 0 0 0 0 0 0 0 0 0 0 0 0.0377432 0 0 0 0 0 0 0 0 0 0 0.0841322 0 0 0 0 0 0 0 0 0 0 0 0 0 0
0 0 0 0 0 0 0 0 0 0 1.40252 0 0 0 -0.0465014 0 0 0 0 0 0 0 0 0 0 0 0 0 0 0 0.106561 0 0 0 0 0 0 0 0 0 0 0.0660742 0 0 0 0 0 0 0 0 0 0 -0.0096534 0 0 0
0 0 0 0 0 0 0 0 0 0 0 1.71834 0 0 0 0 0 0 0 0 0 0 0 0 0 0 0 0 0 0 0 0 0 0 0 0 0 0 0 0 0 0 0 0 0 0 0 0 0 0 0 0 0 0 0 -0.00336411
0 0 0 0 0 0 0 0 -0.205849 0 0 0 0.875563 0 -0.0769135 0 0 0 0 0 0 0 0 0 0 0 0 0 0 0 0 0 0 0 0 0 0 0 0 0 0 0.0259213 0 0 0 0 0 0 0 0 0 0 0 0 0 -0.0284934
0 0 0 0 0 0 0 0 0 0 0 0 0 0.760221 0.0300046 0 0 0 0 0 0 0 0 0 0 0 0 0 0 0 0 0 0 0 0 0 0 0 0 0 0 0 0 0 0 0 0 0 0 0 0 0 0 0 0 0.0363585
0.0635767 -0.119766 -0.0235315 0 0.0109078 0 -0.0746302 -0.0742444 -0.134593 -0.0413477 -0.0465014 0 -0.0769135 0.0300046 0.715972 0.0820396 0.0179902 0.0254254 0 0 0 -0.0176522 -0.0724747 0.0783129 0 0.0554342 0.0799008 0 0 0 0.190292 0 0 0.0492898 0 0 0 0 0.110723 -0.0803343 0 0.259589 -0.0221942 0.0515785 0 0 -0.0162472 0 0.0279515 0.0422918 -0.0175161 0 -0.0884048 -0.0629124 0 -0.058456
0 0 0 0 0 0 0 0 0 0 0 0 0 0 0.0820396 1.25639 0 0 0 0 0 0 0 0 0 0 0 0 0 0 -0.0231308 0 0 0 0 0 0 0 0 0 0 0 0 0 0 0 0 0 0 0 0 0 0 0 0 0.0362932
0 0 0 0 0 0 0 0 0 0 0 0 0 0 0.0179902 0 1.23177 0 0 0 0 0 0 0 0 0 0 0 0 0 0 0 0 0 0 0 0 0 0 0 0 -0.130599 0 0 0 0 0 0 0 0 0 0 0 0 0 -0.165166
-0.0469939 0 0 0 0 0 0 0 0 0 0 0 0 0 0.0254254 0 0 1.1539 0 0 0 0 0 0 0 0 0 0 0 0 -0.0995011 0 0 0 0 0 0 0 0 0.00493506 0 0 0 0 0 0 0 0 0 0 0.00663082 0 0 0 0 0.118372
0 0 0 0 0 0 0 0 0 0 0 0 0 0 0 0 0 0 1.52789 0 0 0 0 0 0 0 0 0 0 0 0 0 0 0 0 0 0 0 0 0 0 0 0 0 0 0 0 0 0 0 0 0 0 0 0 0
0 0 0 0 0 0 0 0 0 0 0 0 0 0 0 0 0 0 0 1.20052 0 0 0 0 0 0 0 0 0 0 0 0 0 0 0 0 0 0 0 0 0 0 0 0 0 0 0 0 0 0 0 0 0 0 0 0
0 0 0 0 0 0 0 0 0 0 0 0 0 0 0 0 0 0 0 0 1.61822 0 0 0 0 0 0 0 0 0 0 0 0 0 0 0 0 0 0 0 0 -0.0349286 0 0 0 0 0 0 0 0 0 0 0 0 0 -0.06307
0 0 0 0 0 0 0 0 0 0 0 0 0 0 -0.0176522 0 0 0 0 0 0 1.46064 0 0 0 0 0 0 0 0 0.0935552 0 0 0 0 0 0 0 0 0 0 0 0 0 0 0 0 0 0 0 0 0 0 0 0 0
0 0 0 0 0 0 0 0 0 0 0 0 0 0 -0.0724747 0 0 0 0 0 0 0 0.901485 0 0 0 0 0 0 0 0 0 0 0 0 0 0 0 0 0 0 0 0 0 0 0 -0.000948077 0 0 0 0 0 0 0 0 -0.0751611
0 0 0 0 0 0 0 0 0 0 0 0 0 0 0.0783129 0 0 0 0 0 0 0 0 1.58083 0 0 0 0 0 0 -0.019571 0 0 0 0 0 0 0 0 0 0 -0.0550921 0 0 0 0 0 0 0 0 0 0 0 0 0 0
0 0 0 0 0 0 0 0 0 0 0 0 0 0 0 0 0 0 0 0 0 0 0 0 0.617154 0 0 0 0 0 0 0 0 0 0 0 0 0 0 0 0 0 0 0 0 0 0 0 0 0 0 0 0 0 0 0.0512948
-0.00278076 0 0 0 0 0 0 0 0 0 0 0 0 0 0.0554342 0 0 0 0 0 0 0 0 0 0 1.20905 0 0 0 0 -0.0981146 0 0 0 0 0 0 0 -0.114068 0 0 0 0 0 0 0 0 0 0 0 0 0 0 0 0 0.0492935
0 0 0 0 0 0 0 0 0.0137249 0 0 0 0 0 0.0799008 0 0 0 0 0 0 0 0 0 0 0 1.24592 0 0 0 0 0 0 0 0 0 0 0 0 0 0 -0.103613 0 0 0 0 0 0 0 0 0 0 0 0 0 0
0 0 0 0 0 0 0 0 0 0 0 0 0 0 0 0 0 0 0 0 0 0 0 0 0 0 0 1.5225 0 0 0 0 0 0 0 0 0 0 0 0 0 0 0 0 0 0 0 0 0 0 0 0 0 0 0 -0.0740175
0 0 0 0 0 0 0 0 0 0 0 0 0 0 0 0 0 0 0 0 0 0 0 0 0 0 0 0 1.5407 0 0 0 0 0 0 0 0 0 0 0 0 0 0 0 0 0 0 0 0 0 0 0 0 0 0 0.0143693
0 0 0 0 0 0 0 0 0 0 0 0 0 0 0 0 0 0 0 0 0 0 0 0 0 0 0 0 0 1.49352 0 0 0 0 0 0 0 0 0 0 0 0 0 0 0 0 0 0 0 0 0 0 0 0 0 0
-0.094866 0.138803 0.0582317 0 -0.0266881 0 0 0.00857501 -0.00962738 0.0377432 0.106561 0 0 0 0.190292 -0.0231308 0 -0.0995011 0 0 0 0.0935552 0 -0.019571 0 -0.0981146 0 0 0 0 0.844958 0 -0.111773 -0.0241897 0 0 0 0 -0.0687674 0.0656017 3.47743e-08 -0.113322 0.0597452 0 0.049807 0 0 -0.0104601 0 0 4.72805e-08 0 0.141147 0.115927 0.0146333 0
0 0 0 0 0 0 0 0 0.0745489 0 0 0 0 0 0 0 0 0 0 0 0 0 0 0 0 0 0 0 0 0 0 1.22345 0 0 0 0 0 0 0 0 0 0 0 0 0 0 0 0 0 0 0 0 0 0 0 -0.0545941
0 0 0 0 0 0 0 0 0 0 0 0 0 0 0 0 0 0 0 0 0 0 0 0 0 0 0 0 0 0 -0.111773 0 1.43503 0 0 0 0 0 0 0 0 0 0 0 0 0 0 0 0 0 0 0 0 0 0 0
0 0 0 0 0 0 0 0 0 0 0 0 0 0 0.0492898 0 0 0 0 0 0 0 0 0 0 0 0 0 0 0 -0.0241897 0 0 1.65936 0 0 0 0 0 0 0 0 0 0 0 0 0 0 0 0 0 0 0 0 0 0
0 0 0 0 0 0 0 0 0 0 0 0 0 0 0 0 0 0 0 0 0 0 0 0 0 0 0 0 0 0 0 0 0 0 1.47398 0 0 0 0 0 0 0 0 0 0 0 0 0 0 0 0 0 0 0 0 0
0 0 0 0 0 0 0 0 0 0 0 0 0 0 0 0 0 0 0 0 0 0 0 0 0 0 0 0 0 0 0 0 0 0 0 1.65726 0 0 0 0 0 0 0 0 0 0 0 0 0 0 0 0 0 0 0 0
0 0 0 0 0 0 0 0 0 0 0 0 0 0 0 0 0 0 0 0 0 0 0 0 0 0 0 0 0 0 0 0 0 0 0 0 1.4802 0 0 0 0 0 0 0 0 0 0 0 0 0 0 0 0 0 0 0
0 0 0 0 0 0 0 0 0 0 0 0 0 0 0 0 0 0 0 0 0 0 0 0 0 0 0 0 0 0 0 0 0 0 0 0 0 1.52635 0 0 0 0.00752548 0 0 0 0 0 0 0 0 0 0 0 0 0 0
-0.110291 0 0 0 0 0 0 0 0 0 0 0 0 0 0.110723 0 0 0 0 0 0 0 0 0 0 -0.114068 0 0 0 0 -0.0687674 0 0 0 0 0 0 0 1.00521 0 0 -0.0882325 0 0 0 0 0 0 0 0 0 0 0 0 0 0.0801917
0 0 0 0 0 0 0 0 0 0 0 0 0 0 -0.0803343 0 0 0.00493506 0 0 0 0 0 0 0 0 0 0 0 0 0.0656017 0 0 0 0 0 0 0 0 1.12592 0 0 0 0 0 0 0 0 0 0 -0.0159809 0 0 0 0 -0.169599
0 0 0 0 0 0 0 0 0 0 0 0 0 0 0 0 0 0 0 0 0 0 0 0 0 0 0 0 0 0 3.47743e-08 0 0 0 0 0 0 0 0 0 1.07952 0 0 0 0 0 0 0 0 0 -0.0205422 0 0 0 0 -0.185976
0 0.115636 0 0 0 -0.117831 0.00622333 0.134289 0 0.0841322 0.0660742 0 0.0259213 0 0.259589 0 -0.130599 0 0 0 -0.0349286 0 0 -0.0550921 0 0 -0.103613 0 0 0 -0.113322 0 0 0 0 0 0 0.00752548 -0.0882325 0 0 0.654117 0.00201061 0 0.0349202 0 0.0515743 0 0 -0.0142297 0 0 0.100807 0.100587 0 -0.160533
0 0 0 0 0 0 0 0 0 0 0 0 0 0 -0.0221942 0 0 0 0 0 0 0 0 0 0 0 0 0 0 0 0.0597452 0 0 0 0 0 0 0 0 0 0 0.00201061 1.02097 0 0 0 0 0 0 0 0 0 0 0 0 0
0 0 0 0 0 0 0 0 0 0 0 0 0 0 0.0515785 0 0 0 0 0 0 0 0 0 0 0 0 0 0 0 0 0 0 0 0 0 0 0 0 0 0 0 0 1.56513 0 0 0 0 0 0 0 0 0 0 0 0.0734163
0 0 0 0 0 0 0 0 0 0 0 0 0 0 0 0 0 0 0 0 0 0 0 0 0 0 0 0 0 0 0.049807 0 0 0 0 0 0 0 0 0 0 0.0349202 0 0 1.51258 0 0 0 0 0 0 0 0 0 0 0.0589326
0 0 0 0 0 0 0 0 0 0 0 0 0 0 0 0 0 0 0 0 0 0 0 0 0 0 0 0 0 0 0 0 0 0 0 0 0 0 0 0 0 0 0 0 0 1.68086 0 0 0 0 0 0 0 0 0 0
0 -0.0229713 0 0 0 0 0 0 0 0 0 0 0 0 -0.0162472 0 0 0 0 0 0 0 -0.000948077 0 0 0 0 0 0 0 0 0 0 0 0 0 0 0 0 0 0 0.0515743 0 0 0 0 0.785537 0 0 0 0 0 0 0 0 0
0 0 0 0 0 0 0 0 0 0 0 0 0 0 0 0 0 0 0 0 0 0 0 0 0 0 0 0 0 0 -0.0104601 0 0 0 0 0 0 0 0 0 0 0 0 0 0 0 0 1.61591 0 0 0 0 0 0 0 0
0 0 0 0 0 0 0 0 0 0 0 0 0 0 0.0279515 0 0 0 0 0 0 0 0 0 0 0 0 0 0 0 0 0 0 0 0 0 0 0 0 0 0 0 0 0 0 0 0 0 1.33831 0 0 0 0 0 0 0
0 0 0 0 0 0 0 0 0 0 0 0 0 0 0.0422918 0 0 0 0 0 0 0 0 0 0 0 0 0 0 0 0 0 0 0 0 0 0 0 0 0 0 -0.0142297 0 0 0 0 0 0 0 1.51188 0 0 0 0 0 0
0.00637426 0 -0.0331938 0 0 0 0 0 0 0 0 0 0 0 -0.0175161 0 0 0.00663082 0 0 0 0 0 0 0 0 0 0 0 0 4.72805e-08 0 0 0 0 0 0 0 0 -0.0159809 -0.0205422 0 0 0 0 0 0 0 0 0 0.809058 0 0 0 0 -0.155409
0 0 0 0 0 0 0 0 0 0 0 0 0 0 0 0 0 0 0 0 0 0 0 0 0 0 0 0 0 0 0 0 0 0 0 0 0 0 0 0 0 0 0 0 0 0 0 0 0 0 0 1.71656 0 0 0 0
0 -0.0161075 0 0 0 0 0 0 0 0 -0.0096534 0 0 0 -0.0884048 0 0 0 0 0 0 0 0 0 0 0 0 0 0 0 0.141147 0 0 0 0 0 0 0 0 0 0 0.100807 0 0 0 0 0 0 0 0 0 0 1.00713 0 0 0
0 -0.0456928 0 0 0 0 0 0 0 0 0 0 0 0 -0.0629124 0 0 0 0 0 0 0 0 0 0 0 0 0 0 0 0.115927 0 0 0 0 0 0 0 0 0 0 0.100587 0 0 0 0 0 0 0 0 0 0 0 1.34605 0 0
0 0 0 0 0 0 0 0 0 0 0 0 0 0 0 0 0 0 0 0 0 0 0 0 0 0 0 0 0 0 0.0146333 0 0 0 0 0 0 0 0 0 0 0 0 0 0 0 0 0 0 0 0 0 0 0 1.40064 0
0.150092 0 -0.113706 -0.0724322 0 -0.121882 -0.0431164 0 -0.0365041 0 0 -0.00336411 -0.0284934 0.0363585 -0.058456 0.0362932 -0.165166 0.118372 0 0 -0.06307 0 -0.0751611 0 0.0512948 0.0492935 0 -0.0740175 0.0143693 0 0 -0.0545941 0 0 0 0 0 0 0.0801917 -0.169599 -0.185976 -0.160533 0 0.0734163 0.0589326 0 0 0 0 0 -0.155409 0 0 0 0 0.378421