0 2 64 1
0 2 61 1
26 2 47 2
10 4 81 2
0 1 44 2
0 2 51 2
7 5 78 1
19 1 59 1
0 2 63 2
1509 5 67 1
0 1 65 2
0 4 55 1
0 4 72 2
0 2 77 1
0 3 62 1
72 5 88 2
0 1 56 2
0 4 69 1
5 2 63 1
0 1 59 2
0 4 65 2
0 4 64 2
0 3 74 2
0 2 59 1
0 3 75 1
0 2 40 2
0 2 67 2
0 3 76 1
21 4 69 2
0 2 52 2
0 2 49 2
0 4 53 1
0 1 39 2
0 2 43 2
0 2 29 2
7 1 32 2
5 2 35 2
286 1 42 1
0 1 51 1
0 1 59 2
314 1 49 1
0 2 77 2
0 1 48 2
10 4 61 2
0 2 37 2
1 4 68 1
0 2 62 2
0 4 51 1
0 4 68 2
0 4 68 1
0 2 57 1
0 4 60 2
0 3 55 1
0 2 52 2
0 3 65 2
0 3 64 1
0 1 62 1
0 1 55 2
0 1 44 2
0 2 48 1
47 4 55 1
0 4 67 1
0 2 54 1
1 4 58 2
0 1 55 2
0 1 51 2
0 1 55 2
0 2 61 1
0 1 56 1
0 1 36 2
0 4 60 1
0 1 56 2
71 3 63 1
0 2 45 1
0 4 71 1
982 3 63 1
1200 5 78 2
0 2 76 2
0 2 72 1
0 1 70 1
1 3 71 1
0 4 79 1
0 2 49 2
1992 5 45 1
7 4 78 1
0 3 57 2
0 1 35 1
0 4 65 2
0 3 58 1
0 4 74 1
0 1 63 2
0 3 81 1
0 3 67 2
0 3 72 1
14 4 61 2
40 3 73 1
0 3 63 1
0 3 57 1
140 5 72 1
0 2 64 1
0 4 58 1
0 3 58 1
149 5 54 1
45 4 66 1
0 2 47 2
0 1 62 1
0 3 59 1
1346 5 60 2
0 5 71 2
939 5 64 1
0 2 48 2
1379 5 75 2
0 1 35 2
0 3 78 1
0 4 52 1
37 4 53 1
0 5 71 1
0 3 43 1
1 2 42 2
0 3 79 1
0 1 37 2
148 1 41 1
211 5 80 2
12 4 64 1
0 1 55 2
79 3 67 2
0 2 62 2
1278 5 45 1
0 2 59 2
30 5 72 1
668 5 78 2
0 2 70 1
29 5 70 1
1341 3 72 1
1 5 62 2
0 1 64 1
70 5 80 2
0 4 72 2
0 3 41 2
0 1 60 1
2544 3 80 1
938 5 85 1
1724 5 78 1
420 5 84 2
237 5 80 1
0 3 69 1
0 3 68 2
994 5 68 1
133 5 47 2
0 1 56 2
1297 5 62 1
0 3 67 1
0 4 56 1
0 3 59 1
0 3 86 1
0 3 77 1
31 3 58 1
1374 5 59 1
870 5 59 1
0 3 60 1
45 5 46 1
1185 5 32 1
3 5 61 2
0 1 46 2
0 3 71 1
0 3 54 2
166 3 78 2
3 3 82 2
94 3 79 1
842 5 85 1
0 3 79 1
29 5 57 1
2168 5 60 1
778 3 72 1
97 5 69 1
0 4 53 1
0 4 51 1
392 5 37 1
118 5 79 2
916 5 53 1
18 5 75 2
0 3 68 2
317 5 69 1
0 5 74 2
485 5 52 1
371 5 64 2
2470 5 56 1
301 3 48 1
15 5 51 2
1 3 61 1
0 3 47 2
0 3 80 1
5 4 52 2
0 5 46 2
135 5 64 2
492 5 67 2
5 5 55 1
11 4 60 2
145 3 50 2
628 3 60 1
252 3 66 1
0 3 55 2
0 4 69 2
0 1 55 2
314 5 49 1
324 5 61 1
616 5 60 1
554 5 63 1
621 5 43 1
378 5 52 1
258 5 71 1
0 3 72 1
0 4 69 1
0 4 66 2
101 3 71 2
0 4 75 1
349 3 65 1
0 1 51 1
340 5 58 1
0 1 51 2
1432 5 60 1
0 1 62 1
0 1 44 2
74 4 61 1
0 1 51 2
0 1 50 2
460 5 51 2
265 5 64 2
1206 5 65 2
345 3 61 1
184 3 73 1
110 4 68 2
0 3 63 2
1062 5 48 1
0 1 52 2
0 1 41 1
2095 5 65 1
0 1 44 2
2589 3 59 1
0 3 37 1
83 3 82 1
0 5 78 1
723 5 59 2
581 5 63 1
263 3 65 2
83 5 73 2
0 1 69 2
43 3 68 1
1640 5 64 2
0 3 47 1
0 3 82 1
2010 5 59 1
0 3 62 1
957 5 68 2
3 3 66 1
0 4 73 1
1086 4 89 1
87 3 72 2
0 3 66 2
1135 5 59 2
0 5 36 2
0 3 66 2
0 2 31 1
1443 5 58 1
0 5 65 2
141 4 61 1
0 4 50 2
1 2 53 2
0 4 69 1
186 4 60 1
51 3 65 1
0 4 75 1
2230 5 57 1
0 3 62 1
101 3 47 1
101 5 69 2
0 4 86 2
548 5 69 1
0 4 65 1
0 5 74 1
783 4 30 2
0 1 74 2
989 5 71 1
0 1 52 2
0 1 55 2
0 1 56 1
0 5 81 2
0 1 69 2
206 3 81 2
3 1 58 2
0 1 56 1
5 3 54 2
1 4 46 1
79 3 51 1
0 3 53 2
0 4 56 2
90 3 53 1
0 3 75 1
103 3 79 1
3 3 40 2
85 5 75 1
1812 5 50 1
0 5 59 2
0 4 59 1
5 4 63 1
0 4 75 1
32 3 56 1
626 4 45 2
177 3 61 2
0 1 50 2
0 1 61 2
0 4 56 2
1 4 50 2
10 3 47 2
0 1 51 1
0 4 50 1
2964 5 40 1
204 5 40 1
0 1 51 1
422 5 46 2
0 1 50 2
0 3 36 2
12 1 54 1
0 1 44 2
0 1 40 1
251 3 86 2
0 5 75 2
0 1 52 2
0 1 49 2
0 1 51 2
0 1 59 2
0 1 50 2
0 1 75 1
0 1 52 1
770 5 60 1
30 1 72 2
5 1 55 2
0 1 35 2
203 5 53 1
0 2 57 2
1 1 51 1
10 1 62 2
5 1 57 1
1596 5 85 2
356 2 45 2
0 1 61 2
10 3 60 2
74 4 72 2
1 1 72 2
0 2 55 2
0 4 79 1
658 5 88 2
207 5 48 1
0 1 55 2
0 1 62 1
0 4 54 2
10 3 50 2
0 4 52 2
0 3 68 2
1072 5 74 2
118 1 59 1
1477 4 31 2
0 3 64 1
0 3 72 1
13 4 82 2
6 3 58 1
0 3 64 1
2600 5 54 1
0 1 51 2
20 3 56 2
264 4 81 2
23 4 74 1
5 3 51 2
0 2 80 1
0 1 58 2
0 3 56 2
0 3 51 2
0 1 36 2
682 5 83 2
288 5 76 1
0 1 61 2
0 1 51 2
148 5 44 1
0 3 67 2
1 2 55 2
29 2 48 2
0 3 75 2
88 3 68 2
0 4 79 1
0 4 71 1
0 1 52 1
0 1 45 2
0 4 52 2
0 1 47 2
0 1 51 2
0 3 62 1
0 1 57 2
0 1 65 1
12 5 78 1
2426 5 61 1
0 1 49 1
0 3 63 2
78 4 76 2
0 3 67 1
2784 5 75 2
0 4 52 2
1885 5 79 2
0 1 63 2
0 1 52 2
2403 5 71 2
660 5 55 2
9 1 50 1
0 5 73 2
497 5 68 2
2611 5 65 2
130 4 31 2
1211 5 84 2
3 1 53 2
0 2 54 2
0 2 53 2
154 5 58 1
0 1 54 2
0 1 75 2
0 4 51 2
0 1 55 2
0 1 61 1
0 2 61 2
29 4 63 1
0 1 58 1
0 4 52 1
0 1 56 2
16 4 66 2
7 5 80 2
0 4 61 2
0 1 61 1
2472 5 69 1
2667 5 45 2
354 5 88 1
933 5 74 1
73 3 50 1
62 3 45 2
813 3 56 2
0 1 51 1
0 1 42 1
0 1 49 1
877 5 56 1
0 4 77 1
0 1 62 2
0 3 74 1
0 4 69 1
0 1 51 2
0 1 60 1
0 1 32 1
1089 5 50 1
0 2 74 1
810 5 59 2
527 4 63 1
5 1 53 2
0 4 67 2
5 4 51 2
1982 5 47 1
0 4 48 1
752 5 49 2
0 4 44 1
20 1 56 2
90 1 55 1
0 1 61 2
0 1 67 1
0 1 62 1
2867 5 49 2
0 1 52 2
0 2 55 2
0 3 57 1
0 1 46 2
0 2 50 2
47 5 74 1
0 4 74 1
0 1 53 2
0 1 53 1
0 1 56 1
0 2 58 2
0 4 55 1
0 3 66 1
25 2 77 1
0 1 51 2
0 1 53 2
0 3 75 1
0 1 56 2
0 4 77 1
0 1 51 2
