1.01384 0.139395 -0.000645364 -0.00637275 -0.107456 0.0385566 -0.119766 -0.0260752 -0.0438708 0.0359255 0.0404164 -0.0147879 -0.0335178 -0.00690208 -0.0563496 0.0204852 1.59543e-06 -0.071433 -0.0218146 -0.047154 -0.0278553 -0.00802289
0.139395 0.875556 -0.0224689 0.010229 0.0674052 -0.0866773 0.00679237 0.0524785 -0.0791481 -0.0904862 -0.0312205 -0.0291095 -0.0206187 0.0140253 -0.00969028 -0.00303137 2.77692e-06 -0.0652674 -0.00586012 0.0229085 0.0481444 0.0763495
-0.000645364 -0.0224689 1.16575 0.0227777 0.0286165 -0.0612743 -0.0351604 -0.100836 0.0887824 0.139496 0.0176063 -0.092174 -0.0836185 0.0243404 0.0893064 -0.036376 4.27134e-07 0.0107979 0.0268915 -0.0177376 0.0186901 0.0400074
-0.00637275 0.010229 0.0227777 0.444801 0.0377254 -0.10822 -0.0683222 -0.0351222 0.00644538 -0.022784 -0.0558809 0.00560108 0.0182308 -0.0712115 0.10166 -0.00807414 -2.887e-06 -0.0370119 -0.0442143 0.0397868 0.00674055 -0.0479435
-0.107456 0.0674052 0.0286165 0.0377254 1.14194 -0.0264553 0.0691956 0.00877889 0.0832956 -0.054641 0.0389596 -0.0578715 -0.0518244 -0.0325592 -0.120396 -0.0206301 -4.42358e-06 0.0816515 0.10505 -0.00367087 -0.0270067 -0.0448424
0.0385566 -0.0866773 -0.0612743 -0.10822 -0.0264553 1.47255 -0.0695019 0.0862595 0.0407731 -0.11258 0.0795812 0.01688 -0.113077 -0.00395521 -0.0149763 0.0306726 1.39909e-06 0.0194654 0.180033 -0.00223215 -0.156664 0.0891277
-0.119766 0.00679237 -0.0351604 -0.0683222 0.0691956 -0.0695019 1.3371 0.057665 -0.0137391 -0.0369386 -0.0128206 0.101834 0.0464543 -0.0622911 -0.0146206 0.0299186 -4.63966e-07 0.0771112 0.0243181 0.0543993 0.0418512 0.0400664
-0.0260752 0.0524785 -0.100836 -0.0351222 0.00877889 0.0862595 0.057665 1.2127 0.0316009 -0.111441 0.0974366 0.0558785 -0.0185091 0.0693641 -0.0749216 0.072006 8.47485e-07 0.000794125 -0.00342121 0.0426809 0.0384764 0.161014
-0.0438708 -0.0791481 0.0887824 0.00644538 0.0832956 0.0407731 -0.0137391 0.0316009 1.03177 -0.0410818 0.115739 0.0416902 -0.0218918 -0.0951919 0.00324311 0.00473191 -1.59971e-06 0.0386489 0.0151249 0.0700721 0.0782168 -0.0447253
0.0359255 -0.0904862 0.139496 -0.022784 -0.054641 -0.11258 -0.0369386 -0.111441 -0.0410818 0.90102 -0.0139336 0.0210839 0.0301207 -0.0533504 -0.0876785 -0.0064799 -4.75885e-06 0.0445613 0.110925 0.0622334 0.066903 0.0745014
0.0404164 -0.0312205 0.0176063 -0.0558809 0.0389596 0.0795812 -0.0128206 0.0974366 0.115739 -0.0139336 1.25611 0.0654192 -0.0220154 0.079029 -0.144743 -0.0212939 9.05409e-07 -0.0760321 -0.00960031 -0.0090561 0.0245826 -0.0305843
-0.0147879 -0.0291095 -0.092174 0.00560108 -0.0578715 0.01688 0.101834 0.0558785 0.0416902 0.0210839 0.0654192 1.4367 0.00935314 -0.0241849 0.0596841 -0.0367039 -1.10465e-06 -0.0387607 -0.0437551 0.0184374 -0.125232 0.000523683
-0.0335178 -0.0206187 -0.0836185 0.0182308 -0.0518244 -0.113077 0.0464543 -0.0185091 -0.0218918 0.0301207 -0.0220154 0.00935314 0.85573 0.0685522 0.0314945 -0.0330117 -8.0791e-08 0.00720056 -0.0522613 0.142721 -0.00407946 0.0275133
-0.00690208 0.0140253 0.0243404 -0.0712115 -0.0325592 -0.00395521 -0.0622911 0.0693641 -0.0951919 -0.0533504 0.079029 -0.0241849 0.0685522 1.36194 -0.0815718 -0.0204958 5.75125e-06 -0.00740506 -0.0758543 0.055156 0.0748239 -0.0601827
-0.0563496 -0.00969028 0.0893064 0.10166 -0.120396 -0.0149763 -0.0146206 -0.0749216 0.00324311 -0.0876785 -0.144743 0.0596841 0.0314945 -0.0815718 1.40153 0.032479 4.28945e-06 -0.0827593 -0.0421619 0.0661091 -0.0197235 -0.0445929
0.0204852 -0.00303137 -0.036376 -0.00807414 -0.0206301 0.0306726 0.0299186 0.072006 0.00473191 -0.0064799 -0.0212939 -0.0367039 -0.0330117 -0.0204958 0.032479 0.211186 -1.99186e-06 0.0259642 0.0386858 -0.0143337 0.0517167 0.0685278
1.59543e-06 2.77692e-06 4.27134e-07 -2.887e-06 -4.42358e-06 1.39909e-06 -4.63966e-07 8.47485e-07 -1.59971e-06 -4.75885e-06 9.05409e-07 -1.10465e-06 -8.0791e-08 5.75125e-06 4.28945e-06 -1.99186e-06 3.40683e-09 -3.31598e-06 2.27791e-06 -5.47199e-06 -1.09173e-05 3.37962e-07
-0.071433 -0.0652674 0.0107979 -0.0370119 0.0816515 0.0194654 0.0771112 0.000794125 0.0386489 0.0445613 -0.0760321 -0.0387607 0.00720056 -0.00740506 -0.0827593 0.0259642 -3.31598e-06 0.880683 -0.00334278 0.0515581 -0.0197203 -0.0902259
-0.0218146 -0.00586012 0.0268915 -0.0442143 0.10505 0.180033 0.0243181 -0.00342121 0.0151249 0.110925 -0.00960031 -0.0437551 -0.0522613 -0.0758543 -0.0421619 0.0386858 2.27791e-06 -0.00334278 0.819009 0.035823 -0.0741316 0.0582833
-0.047154 0.0229085 -0.0177376 0.0397868 -0.00367087 -0.00223215 0.0543993 0.0426809 0.0700721 0.0622334 -0.0090561 0.0184374 0.142721 0.055156 0.0661091 -0.0143337 -5.47199e-06 0.0515581 0.035823 0.82745 -0.0365824 -0.0135775
-0.0278553 0.0481444 0.0186901 0.00674055 -0.0270067 -0.156664 0.0418512 0.0384764 0.0782168 0.066903 0.0245826 -0.125232 -0.00407946 0.0748239 -0.0197235 0.0517167 -1.09173e-05 -0.0197203 -0.0741316 -0.0365824 1.20215 0.0485488
-0.00802289 0.0763495 0.0400074 -0.0479435 -0.0448424 0.0891277 0.0400664 0.161014 -0.0447253 0.0745014 -0.0305843 0.000523683 0.0275133 -0.0601827 -0.0445929 0.0685278 3.37962e-07 -0.0902259 0.0582833 -0.0135775 0.0485488 1.33003