-0.0671709 0.00339223 0.152268 -0.0355378 0.110759 -0.0595168 -0.058716 0.000274004 0.0631709 -0.00477097 0.121376 -0.00364076 0.0955286 0.0276423 0.168476 -0.000913808 -0.00384916 -0.0610251 0.237101 -0.0418586 0.274606 0.194947 0.25679 0.120653 -0.0418783 -0.0393713
0.239563 0.229531 -0.000239643 0.124198 -0.0133698 0.109961 -0.0584601 0.0821628 4.82864e-07 -0.152939 0.0938957 -0.0165362 -0.00580597 -0.116936 -0.0107634 0.13087 0.11528 -1.26421e-05 -0.105146 7.1372e-07 4.69761e-05 -9.9521e-07 -0.133656 4.82525e-07 -8.53164e-07 8.07245e-07
0.372821 0.370969 -0.0779931 0.105381 8.76073e-07 0.211476 2.81944e-07 0.227342 -0.046271 -0.183838 -0.121702 -0.0282418 0.0120349 -7.02298e-07 -0.0904117 6.06106e-07 0.0299188 -0.00034644 -4.15276e-07 0.0467857 9.36791e-07 0.0766606 -0.0629139 0.548591 2.66462e-07 -6.15227e-07
0.337201 0.388838 -0.113697 0.0843763 -0.00333784 0.270007 0.0140204 0.227335 -0.0182258 -0.106229 -0.0935226 -4.47959e-05 0.060154 -0.0706065 -8.67287e-05 5.4333e-07 0.0597337 0.0660634 -0.0378609 -4.87399e-07 -6.56606e-07 0.0840933 4.80438e-06 0.410358 1.08198e-07 -0.0335193
-0.0130467 -0.00476672 0.153325 0.038307 -0.0345342 0.0159795 -0.00254322 -0.134349 3.14719e-05 -0.145972 0.140068 0.0756014 0.00871543 -0.000171711 -8.47411e-07 0.0295179 0.0853979 -0.179596 -9.33535e-07 4.53737e-07 -7.55504e-07 0.101724 6.26415e-07 -0.195102 8.85414e-07 -0.109555
0.0849984 0.0661855 -0.0185247 0.101812 -1.28061e-05 0.0643544 -1.42184e-07 -9.09337e-07 -9.16615e-07 -0.134193 0.0714382 -6.41777e-07 -0.0299225 -0.000502356 9.12847e-07 0.0543597 -6.14043e-07 -0.0212922 3.73763e-07 -1.02448e-07 -0.0125414 8.45648e-07 -4.41402e-07 6.79301e-07 -9.98258e-07 -7.58921e-07
0.0932372 0.149217 0.0180823 0.10512 -0.0211977 -0.0290214 0.0176587 -0.026199 -0.0848827 0.134923 -0.0305101 -8.95051e-07 -0.0805522 -0.00257775 0.221746 0.0568087 -0.0522796 -0.0892186 0.0745915 1.87502e-07 0.204595 0.00280772 0.000698945 0.0813572 -0.00059379 5.86936e-07
-0.0299806 -0.10096 0.18379 -0.00902617 -9.25536e-07 9.24265e-07 -0.114455 -0.0970103 0.140147 0.101735 0.145783 -0.0183311 0.0796752 -3.93531e-07 -0.0628912 0.0699248 -4.51407e-07 0.00422684 0.0145686 0.108705 -0.014349 -0.00568795 0.0716106 0.00296939 1.96786e-07 -0.175656
-0.0887847 -0.0294056 -0.0727972 -0.0327926 -0.00149831 0.000509213 8.03728e-07 0.111817 0.0646077 0.0295502 0.0846772 0.142117 0.0251871 0.000915404 0.0126644 -0.0329467 0.0143324 0.000123278 -0.0275189 -0.0226479 -0.0328127 0.000308084 -1.28275e-08 0.103574 -5.29911e-07 7.13922e-07
-0.101803 -0.127195 0.227942 0.00526071 -0.118197 -0.0138591 -0.00899193 -0.0960564 0.0611315 0.0840026 0.10173 0.205481 -0.0245376 0.222889 0.1496 0.0187287 -6.43732e-07 -0.0347997 0.206189 -0.0283767 -0.0259128 -0.0066893 0.206105 -3.04099e-07 0.036718 0.0447533
-0.0443485 -0.0121151 0.0920391 0.0486718 0.000149972 -0.0121229 -0.00951284 0.0203898 0.0646385 3.42724e-06 0.0912484 -0.0023778 0.00266346 0.0223001 0.0286349 -0.00734859 0.000445525 0.0499131 0.0222102 0.0092641 -7.98153e-07 0.0551773 -0.0016869 -0.00203346 0.000147323 -2.14806e-07
0.159739 0.185174 0.086206 -0.0114511 -0.18673 0.123055 -0.00392164 0.123631 -0.0619994 -0.116298 -0.0834791 0.0820204 -7.16594e-07 7.88785e-07 8.28387e-07 0.0075892 0.187435 -0.0413332 -5.11111e-07 7.93379e-07 7.11135e-07 6.71568e-07 -7.43235e-07 5.18771e-07 5.63204e-07 -0.0606764
-0.0118355 -5.24011e-07 0.00506664 0.0838157 -9.48609e-07 9.73069e-07 -0.000412106 -0.0109399 -0.0102171 0.192691 0.0917779 -0.0251134 -0.0373482 0.0206604 8.70452e-07 6.01992e-05 3.89849e-07 0.0010065 2.87896e-07 0.000172379 0.0700821 0.0959098 -0.018329 8.12886e-07 -0.0984134 5.20994e-07
0.0292285 -0.00128726 -0.0169462 -0.0825057 0.0170129 0.000115307 9.13886e-07 -0.00703335 -0.00265243 0.260284 8.05099e-06 0.179763 0.0619008 -1.32387e-07 7.84225e-07 0.000679665 -0.00207415 0.0677464 6.81653e-07 -0.0551876 6.54915e-07 -0.000701455 -6.52333e-07 0.0406567 -9.46596e-07 0.328293
-0.102663 -0.00800635 0.228259 -0.00680455 0.0374861 -0.00242607 -0.087026 -0.00532134 0.0969224 1.67843e-06 0.189036 -0.0320887 0.0613736 -0.0845112 -0.0388738 0.163651 0.059492 -0.000773853 -9.35571e-07 8.58912e-07 0.230267 0.0802897 7.71211e-07 0.182744 0.00289016 -0.000232779
0.394597 0.333538 -0.0627009 0.0955206 0.000793247 0.141225 0.120809 0.305855 -0.0482658 -0.117129 -0.091985 -3.63185e-07 -0.00931132 -4.49564e-06 -0.0173186 -5.9283e-07 0.0860513 0.0474279 -7.26448e-07 -4.86461e-07 0.0151609 0.132289 -0.079185 0.404618 -7.9288e-07 -7.76721e-06
0.197656 0.31341 -0.0377555 -4.97949e-05 -0.102535 0.189073 0.0515102 0.214974 -0.0788602 4.40106e-05 -0.0646465 -1.63057e-08 -0.0231794 -0.0677146 -0.0108094 -0.0881506 0.147108 0.0390206 -0.0347552 -9.9667e-07 -5.73196e-07 0.0916798 -2.13185e-06 0.310351 -5.44077e-07 1.67346e-05