0 -0.150329 0.0490942 0.109125 -0 -0.0110181 -0.0321014 0.12672 -0.0321464 -0.0401128 0.0606366 -0.00100392 0.0785852 -0.00477072 -0.0626537 0.133883 -0.0532306 -0.0602795 -0.0684718 -0 0.0201869 0.0408501 0.0931582 0.0256048 -0.0178635 -0.0285939
-0.150329 0 -0.109098 -0.144576 2.10826e-06 0.238711 -0 -0.0921281 -0.0820797 -0.055347 -0.106526 -0.104822 -0.229351 -0.0232817 -0.0260133 -0.218125 0.112766 0.115595 0.0187854 -0.193012 -0.0355613 -0.190855 -0.0801967 -0.0971341 -2.12365e-06 0.0451738
0.0490942 -0.109098 0 -2.64717e-06 0.0144832 -0.0193508 -0.0486651 -0.104143 0.0922238 -0.0809285 0.116384 -0.00395482 0.124412 0.0215362 -0.0490802 0.0364113 -0.149612 -0.101062 0.0240711 -0.0482554 0.0994997 -0.141577 -0.121926 -0.0958065 -0.0128534 -0.0702658
0.109125 -0.144576 -2.64717e-06 0 -0.0294771 0.0187248 -0.0592179 0.115406 -0.0562708 0.16579 0.0425651 3.07488e-06 0.00393488 -3.31086e-06 -0.0385944 0.25432 0.0181762 -0.0264376 -0.0609981 0.118562 -0.0546618 0.129141 0.022882 -0.00417656 -0.0169867 2.34066e-06
-0 2.10826e-06 0.0144832 -0.0294771 0 0.0492666 -0.0327111 0.0463865 0.0569194 -0.0126607 0.004352 -0.0457444 0.0156451 0.283255 -0.0949484 -0.147386 -0.0010181 -0.0502438 0.0120906 -0.155579 -0.0289075 0.00259555 -0.00943973 -3.17879e-06 -0.0667766 -0.00137334
-0.0110181 0.238711 -0.0193508 0.0187248 0.0492666 0 -0.188407 0.0598518 0.000222664 0.0392355 -0.00592783 -0.136472 3.75303e-07 0.00141487 -0.209047 -1.65535e-06 0.173052 0.0112378 -0.167765 -0.18302 1.37151e-06 0.18476 -0.0152216 -0.0533951 -0.243631 0.0341924
-0.0321014 -0 -0.0486651 -0.0592179 -0.0327111 -0.188407 0 -0.0545177 -0.0543125 1.85932e-06 -0.0347929 0.0751878 -0.0482544 -0.000568134 0.254928 -0.0295678 -0.0173831 0.0617033 0.0400629 0.0601662 -0.0198073 0.0722656 0.0763307 0.0125168 0.0761277 0.0212308
0.12672 -0.0921281 -0.104143 0.115406 0.0463865 0.0598518 -0.0545177 0 0.00959058 0.0134369 0.0182011 -0.0168358 0.0145069 0.00913786 -0.0334963 0.203809 -0.0144352 -0.048776 -0.0712827 -0.0173306 -0.0106668 0.116309 0.0298928 7.89831e-07 -0.045766 0.0218337
-0.0321464 -0.0820797 0.0922238 -0.0562708 0.0569194 0.000222664 -0.0543125 0.00959058 0 -0.0414348 0.0742716 -0.0848918 0.154146 0.0230544 -0.0410896 -0.0631104 -0.182427 -0.100891 -0.0287013 -0.103461 0.121895 -2.20597e-06 -0.0659403 -0.0094313 -0.089962 -0.0364749
-0.0401128 -0.055347 -0.0809285 0.16579 -0.0126607 0.0392355 1.85932e-06 0.0134369 -0.0414348 0 0.0497309 2.44967e-06 -0.0831177 -0.0184739 -0.115445 0.0569232 0.143942 0.123809 -0.0730563 0.145703 -0.139368 0.075321 2.2487e-06 0.0287438 -0.0349265 0.054667
0.0606366 -0.106526 0.116384 0.0425651 0.004352 -0.00592783 -0.0347929 0.0182011 0.0742716 0.0497309 0 -0.0158176 0.0784543 0.00564855 -0.0302004 0.0588223 -0.0614034 -0.142025 -0.0188734 0.0561648 0.0366288 -2.06794e-06 -0.0860554 -0.003669 -0.0232401 -0.0898036
-0.00100392 -0.104822 -0.00395482 3.07488e-06 -0.0457444 -0.136472 0.0751878 -0.0168358 -0.0848918 2.44967e-06 -0.0158176 0 -0.0448098 -0.00751425 0.0416557 2.86309e-06 -0.0294457 0.0645739 0.0531948 0.0950465 -0.0530884 -0.022752 0.005027 3.14228e-06 0.16701 1.38887e-06
0.0785852 -0.229351 0.124412 0.00393488 0.0156451 3.75303e-07 -0.0482544 0.0145069 0.154146 -0.0831177 0.0784543 -0.0448098 0 0.00540672 -0.0377114 0.0271248 -0.0855892 -0.095866 -0.0408526 -0.0819859 0.0638943 0.0332835 -0.0651939 -1.67669e-06 -0.0296135 -0.0346355
-0.00477072 -0.0232817 0.0215362 -3.31086e-06 0.283255 0.00141487 -0.000568134 0.00913786 0.0230544 -0.0184739 0.00564855 -0.00751425 0.00540672 0 -0.0121573 -3.30907e-06 -0.0319739 -0.0512177 -0.00121554 -0.04567 0.0112711 -2.83437e-06 -2.67105e-06 -3.16779e-06 -0.0203662 -0.00672481
-0.0626537 -0.0260133 -0.0490802 -0.0385944 -0.0949484 -0.209047 0.254928 -0.0334963 -0.0410896 -0.115445 -0.0302004 0.0416557 -0.0377114 -0.0121573 0 -0.0282321 -0.11066 0.0162638 0.0528932 0.033267 -0.0156885 -0.025362 0.141559 2.44894e-06 0.0919742 0.0180974
0.133883 -0.218125 0.0364113 0.25432 -0.147386 -1.65535e-06 -0.0295678 0.203809 -0.0631104 0.0569232 0.0588223 2.86309e-06 0.0271248 -3.30907e-06 -0.0282321 0 -0.0443822 -0.0471605 -0.0750374 0.118754 -0.0115641 0.0810418 0.00742135 1.61902e-06 0.0303187 -0.0116096
-0.0532306 0.112766 -0.149612 0.0181762 -0.0010181 0.173052 -0.0173831 -0.0144352 -0.182427 0.143942 -0.0614034 -0.0294457 -0.0855892 -0.0319739 -0.11066 -0.0443822 0 0.09196 -0.0471392 0.0710825 -0.125726 0.0640151 -0.0200467 0.00848952 -0.0230137 0.113016
-0.0602795 0.115595 -0.101062 -0.0264376 -0.0502438 0.0112378 0.0617033 -0.048776 -0.100891 0.123809 -0.142025 0.0645739 -0.095866 -0.0512177 0.0162638 -0.0471605 0.09196 0 0.0185431 0.0741145 -0.0633269 -0.0347703 1.22533e-06 1.92256e-06 0.0412117 0.0204086
-0.0684718 0.0187854 0.0240711 -0.0609981 0.0120906 -0.167765 0.0400629 -0.0712827 -0.0287013 -0.0730563 -0.0188734 0.0531948 -0.0408526 -0.00121554 0.0528932 -0.0750374 -0.0471392 0.0185431 0 0.0400382 -0.0100075 -0.130981 -0 -0 0.0621014 -0.0111172
-0 -0.193012 -0.0482554 0.118562 -0.155579 -0.18302 0.0601662 -0.0173306 -0.103461 0.145703 0.0561648 0.0950465 -0.0819859 -0.04567 0.033267 0.118754 0.0710825 0.0741145 0.0400382 0 -0.162279 1.79559e-06 -0.00233992 0.00907493 0.135236 1.35402e-06
0.0201869 -0.0355613 0.0994997 -0.0546618 -0.0289075 1.37151e-06 -0.0198073 -0.0106668 0.121895 -0.139368 0.0366288 -0.0530884 0.0638943 0.0112711 -0.0156885 -0.0115641 -0.125726 -0.0633269 -0.0100075 -0.162279 0 -0.0464131 0.0212865 -0.0919321 -0.0234022 -0.0204196
0.0408501 -0.190855 -0.141577 0.129141 0.00259555 0.18476 0.0722656 0.116309 -2.20597e-06 0.075321 -2.06794e-06 -0.022752 0.0332835 -2.83437e-06 -0.025362 0.0810418 0.0640151 -0.0347703 -0.130981 1.79559e-06 -0.0464131 0 0.242992 0.154556 -0.0753013 0.178069
0.0931582 -0.0801967 -0.121926 0.022882 -0.00943973 -0.0152216 0.0763307 0.0298928 -0.0659403 2.2487e-06 -0.0860554 0.005027 -0.0651939 -2.67105e-06 0.141559 0.00742135 -0.0200467 1.22533e-06 -0 -0.00233992 0.0212865 0.242992 0 0.0292019 2.0845e-06 0.0175262
0.0256048 -0.0971341 -0.0958065 -0.00417656 -3.17879e-06 -0.0533951 0.0125168 7.89831e-07 -0.0094313 0.0287438 -0.003669 3.14228e-06 -1.67669e-06 -3.16779e-06 2.44894e-06 1.61902e-06 0.00848952 1.92256e-06 -0 0.00907493 -0.0919321 0.154556 0.0292019 0 2.6466e-06 0.00239128
-0.0178635 -2.12365e-06 -0.0128534 -0.0169867 -0.0667766 -0.243631 0.0761277 -0.045766 -0.089962 -0.0349265 -0.0232401 0.16701 -0.0296135 -0.0203662 0.0919742 0.0303187 -0.0230137 0.0412117 0.0621014 0.135236 -0.0234022 -0.0753013 2.0845e-06 2.6466e-06 0 -0.0457197
-0.0285939 0.0451738 -0.0702658 2.34066e-06 -0.00137334 0.0341924 0.0212308 0.0218337 -0.0364749 0.054667 -0.0898036 1.38887e-06 -0.0346355 -0.00672481 0.0180974 -0.0116096 0.113016 0.0204086 -0.0111172 1.35402e-06 -0.0204196 0.178069 0.0175262 0.00239128 -0.0457197 0