1.05582 0.0616348 0.0510629 0.0548156 0.00299795 0.0459581 -0.0314731 -0.0482058 0.0575495 0.0378338 0.100139 0.00324782 0.0148817 0.0162504 0.00223943 0.0969291 0.179792 0.0266305 0.00117969 0.00288644 0.0512414 0.0821305
0.0616348 1.10351 0.0558402 0.0323077 0.0804814 -0.0113307 -0.0146658 -0.0309632 0.00348479 0.0432205 0.0382806 0.0209653 0.0347493 -0.00333828 -0.0276269 0.00307629 -0.268571 0.0165637 0.0350688 0.0636589 0.045032 0.0139558
0.0510629 0.0558402 1.13788 0.165534 0.00526471 0.0655538 -0.0452259 -0.0708407 0.031855 0.121927 0.0172586 -0.0096484 0.100307 0.024909 0.0126764 0.112288 -0.036207 -0.000638906 0.0781124 0.0934599 0.0173058 0.0668236
0.0548156 0.0323077 0.165534 1.44647 0.0113879 0.128912 -0.125761 -0.122497 0.065922 0.106861 -0.0252838 0.00495028 0.0769781 0.0377783 0.10973 0.0813784 -0.10791 -0.147858 -0.00743036 0.0701314 0.0473355 0.0465064
0.00299795 0.0804814 0.00526471 0.0113879 1.1591 -0.0513557 0.0385158 0.00299064 0.031626 0.0457152 0.0761967 -0.0333284 -0.00608313 -0.0499085 0.00379949 -0.018791 0.0126119 0.152537 -0.0164394 0.0204651 0.0836798 -0.0139362
0.0459581 -0.0113307 0.0655538 0.128912 -0.0513557 1.36273 -0.0350479 0.0459213 -0.014086 0.027755 0.0252265 0.0146289 0.0487599 0.227731 0.0527081 0.0967555 -0.0297044 -0.0864981 0.069545 0.0763347 -0.0614334 0.0807426
-0.0314731 -0.0146658 -0.0452259 -0.125761 0.0385158 -0.0350479 1.38451 0.158416 -0.0322931 -0.0709513 0.100109 0.0245466 -0.0041367 0.0483984 -0.0189763 -0.0168342 0.196442 0.140231 0.0102538 -0.0180382 -0.0674171 0.041932
-0.0482058 -0.0309632 -0.0708407 -0.122497 0.00299064 0.0459213 0.158416 1.26742 -0.0215491 -0.110432 0.0639289 0.0926262 -0.0589913 0.153231 -0.0545318 -0.0499401 0.0961066 0.126567 -0.0234148 -0.0786966 -0.0179979 0.0925955
0.0575495 0.00348479 0.031855 0.065922 0.031626 -0.014086 -0.0322931 -0.0215491 1.03395 -0.0405183 0.0356061 0.00917052 -0.0193026 -0.015157 0.0404308 0.000769704 0.0998434 -0.0378541 -0.040224 -0.0514028 0.0711519 0.0913564
0.0378338 0.0432205 0.121927 0.106861 0.0457152 0.027755 -0.0709513 -0.110432 -0.0405183 0.985554 -0.00958907 -0.0150245 0.0808748 -0.0102802 0.0330042 0.0654191 -0.065497 -6.41009e-05 0.07627 0.0937511 0.0353429 0.0419755
0.100139 0.0382806 0.0172586 -0.0252838 0.0761967 0.0252265 0.100109 0.0639289 0.0356061 -0.00958907 1.19313 -0.0261921 -0.0103004 0.0394678 -0.00586446 0.0346116 0.0998604 0.0757023 -0.0159118 0.00359174 0.0190848 0.0649438
0.00324782 0.0209653 -0.0096484 0.00495028 -0.0333284 0.0146289 0.0245466 0.0926262 0.00917052 -0.0150245 -0.0261921 1.29646 0.00494487 0.0570032 0.00442219 -0.0109018 -0.0258973 0.0248145 0.0145414 -0.00810978 -0.0221824 0.0179018
0.0148817 0.0347493 0.100307 0.0769781 -0.00608313 0.0487599 -0.0041367 -0.0589913 -0.0193026 0.0808748 -0.0103004 0.00494487 0.946275 0.0445861 -0.0173844 0.0587562 -0.0955926 0.0139485 0.123394 0.187431 -0.0453207 0.0101956
0.0162504 -0.00333828 0.024909 0.0377783 -0.0499085 0.227731 0.0483984 0.153231 -0.015157 -0.0102802 0.0394678 0.0570032 0.0445861 1.29026 0.0102666 0.0474441 0.00915664 -0.0411739 0.0387327 0.0261346 -0.0680729 0.060265
0.00223943 -0.0276269 0.0126764 0.10973 0.00379949 0.0527081 -0.0189763 -0.0545318 0.0404308 0.0330042 -0.00586446 0.00442219 -0.0173844 0.0102666 1.28723 -0.00688716 -0.00151318 -0.0977938 -0.0448009 0.00718621 0.0497322 -0.00697912
0.0969291 0.00307629 0.112288 0.0813784 -0.018791 0.0967555 -0.0168342 -0.0499401 0.000769704 0.0654191 0.0346116 -0.0109018 0.0587562 0.0474441 -0.00688716 1.48107 -0.0156716 0.0219398 0.0384932 0.0519528 0.0275451 0.114642
0.179792 -0.268571 -0.036207 -0.10791 0.0126119 -0.0297044 0.196442 0.0961066 0.0998434 -0.065497 0.0998604 -0.0258973 -0.0955926 0.00915664 -0.00151318 -0.0156716 2.16117 0.179917 -0.125438 -0.104125 0.0172351 0.0892973
0.0266305 0.0165637 -0.000638906 -0.147858 0.152537 -0.0864981 0.140231 0.126567 -0.0378541 -6.41009e-05 0.0757023 0.0248145 0.0139485 -0.0411739 -0.0977938 0.0219398 0.179917 1.40341 0.0153102 -0.0326687 0.0398216 0.0214762
0.00117969 0.0350688 0.0781124 -0.00743036 -0.0164394 0.069545 0.0102538 -0.0234148 -0.040224 0.07627 -0.0159118 0.0145414 0.123394 0.0387327 -0.0448009 0.0384932 -0.125438 0.0153102 0.883313 0.202329 -0.0337475 0.00139437
0.00288644 0.0636589 0.0934599 0.0701314 0.0204651 0.0763347 -0.0180382 -0.0786966 -0.0514028 0.0937511 0.00359174 -0.00810978 0.187431 0.0261346 0.00718621 0.0519528 -0.104125 -0.0326687 0.202329 0.934996 -0.01563 -0.00243293
0.0512414 0.045032 0.0173058 0.0473355 0.0836798 -0.0614334 -0.0674171 -0.0179979 0.0711519 0.0353429 0.0190848 -0.0221824 -0.0453207 -0.0680729 0.0497322 0.0275451 0.0172351 0.0398216 -0.0337475 -0.01563 1.09372 0.0437913
0.0821305 0.0139558 0.0668236 0.0465064 -0.0139362 0.0807426 0.041932 0.0925955 0.0913564 0.0419755 0.0649438 0.0179018 0.0101956 0.060265 -0.00697912 0.114642 0.0892973 0.0214762 0.00139437 -0.00243293 0.0437913 1.27695